{
    "instance_id": "LARGE_04",
    "group": "Large",
    "group_key": "large",
    "instance_number_in_group": 4,
    "parameters": {
        "I_range": [
            22,
            30
        ],
        "p_range": [
            13,
            20
        ]
    },
    "I": 26,
    "p": 19,
    "facilities": [
        [
            0.1040072616000337,
            0.06685110779184766
        ],
        [
            0.48390308959489015,
            0.1879343650740456
        ],
        [
            0.5820379955072477,
            0.1786996730925029
        ],
        [
            0.13938902886491977,
            0.490115382478863
        ],
        [
            0.01136426844551941,
            0.007988684391286305
        ],
        [
            0.7669429760229338,
            0.02654666818222451
        ],
        [
            0.5435110705910041,
            0.13473079001566657
        ],
        [
            0.48628191390677467,
            0.8974352178394986
        ],
        [
            0.41201550280070587,
            0.8994857201159805
        ],
        [
            0.4475467336105996,
            0.885940941788647
        ],
        [
            0.008872739766913607,
            0.7403213894938742
        ],
        [
            0.006131600024884221,
            0.6974310994482703
        ],
        [
            0.4667936612232748,
            0.4223423798592342
        ],
        [
            0.6841898177613303,
            0.5049033278485306
        ],
        [
            0.517597193987932,
            0.4503312074948753
        ],
        [
            0.006579555239259349,
            0.7121061129820804
        ],
        [
            0.3238462305022892,
            0.8274397279403568
        ],
        [
            0.0613361039981597,
            0.7257787843914357
        ],
        [
            0.7138867021137872,
            0.06625493995918241
        ],
        [
            0.718700144675673,
            0.0020650955681330574
        ],
        [
            0.761806772166526,
            0.5436337034850933
        ],
        [
            0.7125588485195649,
            0.8976100072974348
        ],
        [
            0.19726962485879285,
            0.03674537289457358
        ],
        [
            0.6933473455154137,
            0.5616045442817251
        ],
        [
            0.7197034688378816,
            0.4394442789786106
        ],
        [
            0.7683985600771897,
            0.9599568222377138
        ]
    ],
    "distanceMatrix": {
        "(0, 1)": 0.3987254635986577,
        "(1, 0)": 0.3987254635986577,
        "(0, 2)": 0.49094142636335397,
        "(2, 0)": 0.49094142636335397,
        "(0, 3)": 0.42474052747661334,
        "(3, 0)": 0.42474052747661334,
        "(0, 4)": 0.10976114553526825,
        "(4, 0)": 0.10976114553526825,
        "(0, 5)": 0.6641597769435053,
        "(5, 0)": 0.6641597769435053,
        "(0, 6)": 0.44471479554471544,
        "(6, 0)": 0.44471479554471544,
        "(0, 7)": 0.914332474354864,
        "(7, 0)": 0.914332474354864,
        "(0, 8)": 0.8877778293512912,
        "(8, 0)": 0.8877778293512912,
        "(0, 9)": 0.8882159225020697,
        "(9, 0)": 0.8882159225020697,
        "(0, 10)": 0.6801564508112992,
        "(10, 0)": 0.6801564508112992,
        "(0, 11)": 0.6381306848962736,
        "(11, 0)": 0.6381306848962736,
        "(0, 12)": 0.5079252073560463,
        "(12, 0)": 0.5079252073560463,
        "(0, 13)": 0.7269811180288279,
        "(13, 0)": 0.7269811180288279,
        "(0, 14)": 0.5640156195007993,
        "(14, 0)": 0.5640156195007993,
        "(0, 15)": 0.6525689080011157,
        "(15, 0)": 0.6525689080011157,
        "(0, 16)": 0.791722313281254,
        "(16, 0)": 0.791722313281254,
        "(0, 17)": 0.6603078908206499,
        "(17, 0)": 0.6603078908206499,
        "(0, 18)": 0.6098797318959319,
        "(18, 0)": 0.6098797318959319,
        "(0, 19)": 0.6180975391341506,
        "(19, 0)": 0.6180975391341506,
        "(0, 20)": 0.8124172817324271,
        "(20, 0)": 0.8124172817324271,
        "(0, 21)": 1.029803565273501,
        "(21, 0)": 1.029803565273501,
        "(0, 22)": 0.09800114118883357,
        "(22, 0)": 0.09800114118883357,
        "(0, 23)": 0.7694820968859056,
        "(23, 0)": 0.7694820968859056,
        "(0, 24)": 0.7196578984643185,
        "(24, 0)": 0.7196578984643185,
        "(0, 25)": 1.1131278518966374,
        "(25, 0)": 1.1131278518966374,
        "(1, 2)": 0.09856844979211772,
        "(2, 1)": 0.09856844979211772,
        "(1, 3)": 0.4582611758816846,
        "(3, 1)": 0.4582611758816846,
        "(1, 4)": 0.5056415583094596,
        "(4, 1)": 0.5056415583094596,
        "(1, 5)": 0.3258183021520525,
        "(5, 1)": 0.3258183021520525,
        "(1, 6)": 0.07989825903876539,
        "(6, 1)": 0.07989825903876539,
        "(1, 7)": 0.7095048406318395,
        "(7, 1)": 0.7095048406318395,
        "(1, 8)": 0.7151735146082419,
        "(8, 1)": 0.7151735146082419,
        "(1, 9)": 0.6989527636094539,
        "(9, 1)": 0.6989527636094539,
        "(1, 10)": 0.728550106722305,
        "(10, 1)": 0.728550106722305,
        "(1, 11)": 0.6984644003697981,
        "(11, 1)": 0.6984644003697981,
        "(1, 12)": 0.2350315934821032,
        "(12, 1)": 0.2350315934821032,
        "(1, 13)": 0.37494545848956534,
        "(13, 1)": 0.37494545848956534,
        "(1, 14)": 0.26455130992544895,
        "(14, 1)": 0.26455130992544895,
        "(1, 15)": 0.7089384865802641,
        "(15, 1)": 0.7089384865802641,
        "(1, 16)": 0.6592308452108117,
        "(16, 1)": 0.6592308452108117,
        "(1, 17)": 0.6839879214629218,
        "(17, 1)": 0.6839879214629218,
        "(1, 18)": 0.26018905534923215,
        "(18, 1)": 0.26018905534923215,
        "(1, 19)": 0.29946125362268444,
        "(19, 1)": 0.29946125362268444,
        "(1, 20)": 0.45138949492974867,
        "(20, 1)": 0.45138949492974867,
        "(1, 21)": 0.7456024230476983,
        "(21, 1)": 0.7456024230476983,
        "(1, 22)": 0.3240630408776416,
        "(22, 1)": 0.3240630408776416,
        "(1, 23)": 0.42836468011170237,
        "(23, 1)": 0.42836468011170237,
        "(1, 24)": 0.3447594170482081,
        "(24, 1)": 0.3447594170482081,
        "(1, 25)": 0.8227735697565721,
        "(25, 1)": 0.8227735697565721,
        "(2, 3)": 0.541218857507876,
        "(3, 2)": 0.541218857507876,
        "(2, 4)": 0.5956599234646148,
        "(4, 2)": 0.5956599234646148,
        "(2, 5)": 0.23945853236569684,
        "(5, 2)": 0.23945853236569684,
        "(2, 6)": 0.05846012848537344,
        "(6, 2)": 0.05846012848537344,
        "(2, 7)": 0.7250862089753446,
        "(7, 2)": 0.7250862089753446,
        "(2, 8)": 0.7405674672910477,
        "(8, 2)": 0.7405674672910477,
        "(2, 9)": 0.7199153503527232,
        "(9, 2)": 0.7199153503527232,
        "(2, 10)": 0.8024570784294353,
        "(10, 2)": 0.8024570784294353,
        "(2, 11)": 0.7750809435449806,
        "(11, 2)": 0.7750809435449806,
        "(2, 12)": 0.26952370052590086,
        "(12, 2)": 0.26952370052590086,
        "(2, 13)": 0.3418242518693187,
        "(13, 2)": 0.3418242518693187,
        "(2, 14)": 0.27917074951047266,
        "(14, 2)": 0.27917074951047266,
        "(2, 15)": 0.7846495055700599,
        "(15, 2)": 0.7846495055700599,
        "(2, 16)": 0.6982310837254183,
        "(16, 2)": 0.6982310837254183,
        "(2, 17)": 0.7552655253887682,
        "(17, 2)": 0.7552655253887682,
        "(2, 18)": 0.17328560079602984,
        "(18, 2)": 0.17328560079602984,
        "(2, 19)": 0.2233300628946886,
        "(19, 2)": 0.2233300628946886,
        "(2, 20)": 0.4068091193669994,
        "(20, 2)": 0.4068091193669994,
        "(2, 21)": 0.7306625498119564,
        "(21, 2)": 0.7306625498119564,
        "(2, 22)": 0.4101191563389237,
        "(22, 2)": 0.4101191563389237,
        "(2, 23)": 0.39875545360493225,
        "(23, 2)": 0.39875545360493225,
        "(2, 24)": 0.2948551034763501,
        "(24, 2)": 0.2948551034763501,
        "(2, 25)": 0.8031768131098718,
        "(25, 2)": 0.8031768131098718,
        "(3, 4)": 0.49883513537969054,
        "(4, 3)": 0.49883513537969054,
        "(3, 5)": 0.7802050432214868,
        "(5, 3)": 0.7802050432214868,
        "(3, 6)": 0.5381568852751875,
        "(6, 3)": 0.5381568852751875,
        "(3, 7)": 0.5350178707023504,
        "(7, 3)": 0.5350178707023504,
        "(3, 8)": 0.4918427265171128,
        "(8, 3)": 0.4918427265171128,
        "(3, 9)": 0.5016363667010486,
        "(9, 3)": 0.5016363667010486,
        "(3, 10)": 0.28220125383546785,
        "(10, 3)": 0.28220125383546785,
        "(3, 11)": 0.24644948537904585,
        "(11, 3)": 0.24644948537904585,
        "(3, 12)": 0.3343455894337322,
        "(12, 3)": 0.3343455894337322,
        "(3, 13)": 0.5450014522094482,
        "(13, 3)": 0.5450014522094482,
        "(3, 14)": 0.38029488130248645,
        "(14, 3)": 0.38029488130248645,
        "(3, 15)": 0.2586856020618022,
        "(15, 3)": 0.2586856020618022,
        "(3, 16)": 0.3844634875731562,
        "(16, 3)": 0.3844634875731562,
        "(3, 17)": 0.24825289138550408,
        "(17, 3)": 0.24825289138550408,
        "(3, 18)": 0.7139364476627748,
        "(18, 3)": 0.7139364476627748,
        "(3, 19)": 0.7574922121418449,
        "(19, 3)": 0.7574922121418449,
        "(3, 20)": 0.6247143810254332,
        "(20, 3)": 0.6247143810254332,
        "(3, 21)": 0.7032606283725593,
        "(21, 3)": 0.7032606283725593,
        "(3, 22)": 0.45704981017725477,
        "(22, 3)": 0.45704981017725477,
        "(3, 23)": 0.5585521612540092,
        "(23, 3)": 0.5585521612540092,
        "(3, 24)": 0.5825224544779931,
        "(24, 3)": 0.5825224544779931,
        "(3, 25)": 0.785113984635702,
        "(25, 3)": 0.785113984635702,
        "(4, 5)": 0.7558065771788048,
        "(5, 4)": 0.7558065771788048,
        "(4, 6)": 0.5470317910064891,
        "(6, 4)": 0.5470317910064891,
        "(4, 7)": 1.0082965366565058,
        "(7, 4)": 1.0082965366565058,
        "(4, 8)": 0.9773885492966711,
        "(8, 4)": 0.9773885492966711,
        "(4, 9)": 0.9803342844084398,
        "(9, 4)": 0.9803342844084398,
        "(4, 10)": 0.7323369434065377,
        "(10, 4)": 0.7323369434065377,
        "(4, 11)": 0.689462271990576,
        "(11, 4)": 0.689462271990576,
        "(4, 12)": 0.615714963886586,
        "(12, 4)": 0.615714963886586,
        "(4, 13)": 0.8364319354821185,
        "(13, 4)": 0.8364319354821185,
        "(4, 14)": 0.6722638489825844,
        "(14, 4)": 0.6722638489825844,
        "(4, 15)": 0.7041336852656448,
        "(15, 4)": 0.7041336852656448,
        "(4, 16)": 0.877009115907303,
        "(16, 4)": 0.877009115907303,
        "(4, 17)": 0.7195274921826994,
        "(17, 4)": 0.7195274921826994,
        "(4, 18)": 0.7049345546538978,
        "(18, 4)": 0.7049345546538978,
        "(4, 19)": 0.7073606793615439,
        "(19, 4)": 0.7073606793615439,
        "(4, 20)": 0.921997580187203,
        "(20, 4)": 0.921997580187203,
        "(4, 21)": 1.132740013107378,
        "(21, 4)": 1.132740013107378,
        "(4, 22)": 0.18811631688086314,
        "(22, 4)": 0.18811631688086314,
        "(4, 23)": 0.8784027764823784,
        "(23, 4)": 0.8784027764823784,
        "(4, 24)": 0.8293963786472621,
        "(24, 4)": 0.8293963786472621,
        "(4, 25)": 1.2162829663285841,
        "(25, 4)": 1.2162829663285841,
        "(5, 6)": 0.24824508168706144,
        "(6, 5)": 0.24824508168706144,
        "(5, 7)": 0.9149959003800624,
        "(7, 5)": 0.9149959003800624,
        "(5, 8)": 0.942335449635065,
        "(8, 5)": 0.942335449635065,
        "(5, 9)": 0.9168273977006954,
        "(9, 5)": 0.9168273977006954,
        "(5, 10)": 1.041222759970594,
        "(10, 5)": 1.041222759970594,
        "(5, 11)": 1.0143568750509908,
        "(11, 5)": 1.0143568750509908,
        "(5, 12)": 0.4967331844729274,
        "(12, 5)": 0.4967331844729274,
        "(5, 13)": 0.4854618203827941,
        "(13, 5)": 0.4854618203827941,
        "(5, 14)": 0.4916977270428269,
        "(14, 5)": 0.4916977270428269,
        "(5, 15)": 1.0237891794799054,
        "(15, 5)": 1.0237891794799054,
        "(5, 16)": 0.9152947170500495,
        "(16, 5)": 0.9152947170500495,
        "(5, 17)": 0.9933814021749138,
        "(17, 5)": 0.9933814021749138,
        "(5, 18)": 0.06627001621121832,
        "(18, 5)": 0.06627001621121832,
        "(5, 19)": 0.054099151324760016,
        "(19, 5)": 0.054099151324760016,
        "(5, 20)": 0.5171125435225535,
        "(20, 5)": 0.5171125435225535,
        "(5, 21)": 0.8727594021692591,
        "(21, 5)": 0.8727594021692591,
        "(5, 22)": 0.5697646361475871,
        "(22, 5)": 0.5697646361475871,
        "(5, 23)": 0.5400955911742921,
        "(23, 5)": 0.5400955911742921,
        "(5, 24)": 0.41559115491123066,
        "(24, 5)": 0.41559115491123066,
        "(5, 25)": 0.9334112889926023,
        "(25, 5)": 0.9334112889926023,
        "(6, 7)": 0.764848495191608,
        "(7, 6)": 0.764848495191608,
        "(6, 8)": 0.7759775689162857,
        "(8, 6)": 0.7759775689162857,
        "(6, 9)": 0.7573148922996781,
        "(9, 6)": 0.7573148922996781,
        "(6, 10)": 0.8078230740469997,
        "(10, 6)": 0.8078230740469997,
        "(6, 11)": 0.7780799018233739,
        "(11, 6)": 0.7780799018233739,
        "(6, 12)": 0.29766757887354867,
        "(12, 6)": 0.29766757887354867,
        "(6, 13)": 0.396002800079792,
        "(13, 6)": 0.396002800079792,
        "(6, 14)": 0.31666252148565055,
        "(14, 6)": 0.31666252148565055,
        "(6, 15)": 0.7884527352660345,
        "(15, 6)": 0.7884527352660345,
        "(6, 16)": 0.726703732377888,
        "(16, 6)": 0.726703732377888,
        "(6, 17)": 0.7627781001473691,
        "(17, 6)": 0.7627781001473691,
        "(6, 18)": 0.1836213436878874,
        "(18, 6)": 0.1836213436878874,
        "(6, 19)": 0.2197530390276547,
        "(19, 6)": 0.2197530390276547,
        "(6, 20)": 0.4635241158452652,
        "(20, 6)": 0.4635241158452652,
        "(6, 21)": 0.7813845732947556,
        "(21, 6)": 0.7813845732947556,
        "(6, 22)": 0.35983924287260055,
        "(22, 6)": 0.35983924287260055,
        "(6, 23)": 0.45240701957907614,
        "(23, 6)": 0.45240701957907614,
        "(6, 24)": 0.3519858968140009,
        "(24, 6)": 0.3519858968140009,
        "(6, 25)": 0.8553200495629356,
        "(25, 6)": 0.8553200495629356,
        "(7, 8)": 0.07429471298929337,
        "(8, 7)": 0.07429471298929337,
        "(7, 9)": 0.0404046108075597,
        "(9, 7)": 0.0404046108075597,
        "(7, 10)": 0.5025975274614097,
        "(10, 7)": 0.5025975274614097,
        "(7, 11)": 0.5201403380764948,
        "(11, 7)": 0.5201403380764948,
        "(7, 12)": 0.47549237290707175,
        "(12, 7)": 0.47549237290707175,
        "(7, 13)": 0.43960075417131106,
        "(13, 7)": 0.43960075417131106,
        "(7, 14)": 0.4481993338156655,
        "(14, 7)": 0.4481993338156655,
        "(7, 15)": 0.5142579411330752,
        "(15, 7)": 0.5142579411330752,
        "(7, 16)": 0.17687487059868934,
        "(16, 7)": 0.17687487059868934,
        "(7, 17)": 0.4583065267951112,
        "(17, 7)": 0.4583065267951112,
        "(7, 18)": 0.8617798987862032,
        "(18, 7)": 0.8617798987862032,
        "(7, 19)": 0.9250437232098735,
        "(19, 7)": 0.9250437232098735,
        "(7, 20)": 0.44842999350904994,
        "(20, 7)": 0.44842999350904994,
        "(7, 21)": 0.2262770021215491,
        "(21, 7)": 0.2262770021215491,
        "(7, 22)": 0.9079180097410081,
        "(22, 7)": 0.9079180097410081,
        "(7, 23)": 0.3945355931592735,
        "(23, 7)": 0.3945355931592735,
        "(7, 24)": 0.5140440860326413,
        "(24, 7)": 0.5140440860326413,
        "(7, 25)": 0.28896150792617703,
        "(25, 7)": 0.28896150792617703,
        "(8, 9)": 0.038025378141479986,
        "(9, 8)": 0.038025378141479986,
        "(8, 10)": 0.43342516254701174,
        "(10, 8)": 0.43342516254701174,
        "(8, 11)": 0.45339586705847346,
        "(11, 8)": 0.45339586705847346,
        "(8, 12)": 0.48027743418937896,
        "(12, 8)": 0.48027743418937896,
        "(8, 13)": 0.4793476004026606,
        "(13, 8)": 0.4793476004026606,
        "(8, 14)": 0.461397084648199,
        "(14, 8)": 0.461397084648199,
        "(8, 15)": 0.4466423902236584,
        "(15, 8)": 0.4466423902236584,
        "(8, 16)": 0.11386151925124822,
        "(16, 8)": 0.11386151925124822,
        "(8, 17)": 0.39134401779422456,
        "(17, 8)": 0.39134401779422456,
        "(8, 18)": 0.8862278228398297,
        "(18, 8)": 0.8862278228398297,
        "(8, 19)": 0.9483771649116323,
        "(19, 8)": 0.9483771649116323,
        "(8, 20)": 0.49898355670785477,
        "(20, 8)": 0.49898355670785477,
        "(8, 21)": 0.30054919889173426,
        "(21, 8)": 0.30054919889173426,
        "(8, 22)": 0.8890650700689781,
        "(22, 8)": 0.8890650700689781,
        "(8, 23)": 0.43967180340384815,
        "(23, 8)": 0.43967180340384815,
        "(8, 24)": 0.5534528091968116,
        "(24, 8)": 0.5534528091968116,
        "(8, 25)": 0.3614770223756285,
        "(25, 8)": 0.3614770223756285,
        "(9, 10)": 0.4622119934459732,
        "(10, 9)": 0.4622119934459732,
        "(9, 11)": 0.47998258386913234,
        "(11, 9)": 0.47998258386913234,
        "(9, 12)": 0.46399792116511385,
        "(12, 9)": 0.46399792116511385,
        "(9, 13)": 0.44854165081243785,
        "(13, 9)": 0.44854165081243785,
        "(9, 14)": 0.4412061962513294,
        "(14, 9)": 0.4412061962513294,
        "(9, 15)": 0.4739943038761012,
        "(15, 9)": 0.4739943038761012,
        "(9, 16)": 0.1368364223844386,
        "(16, 9)": 0.1368364223844386,
        "(9, 17)": 0.41810353632535363,
        "(17, 9)": 0.41810353632535363,
        "(9, 18)": 0.8618712899368746,
        "(18, 9)": 0.8618712899368746,
        "(9, 19)": 0.9245326840432707,
        "(19, 9)": 0.9245326840432707,
        "(9, 20)": 0.4646865795653865,
        "(20, 9)": 0.4646865795653865,
        "(9, 21)": 0.2652688977968789,
        "(21, 9)": 0.2652688977968789,
        "(9, 22)": 0.8853088418142522,
        "(22, 9)": 0.8853088418142522,
        "(9, 23)": 0.40695459152164515,
        "(23, 9)": 0.40695459152164515,
        "(9, 24)": 0.5229039667377484,
        "(24, 9)": 0.5229039667377484,
        "(9, 25)": 0.32927837023648754,
        "(25, 9)": 0.32927837023648754,
        "(10, 11)": 0.04297779458373077,
        "(11, 10)": 0.04297779458373077,
        "(10, 12)": 0.5574963864238668,
        "(12, 10)": 0.5574963864238668,
        "(10, 13)": 0.7151746776695661,
        "(13, 10)": 0.7151746776695661,
        "(10, 14)": 0.5855722636688707,
        "(14, 10)": 0.5855722636688707,
        "(10, 15)": 0.0283083119227349,
        "(15, 10)": 0.0283083119227349,
        "(10, 16)": 0.3267994870860474,
        "(16, 10)": 0.3267994870860474,
        "(10, 17)": 0.054441638013802085,
        "(17, 10)": 0.054441638013802085,
        "(10, 18)": 0.9754026171239977,
        "(18, 10)": 0.9754026171239977,
        "(10, 19)": 1.024147108710694,
        "(19, 10)": 1.024147108710694,
        "(10, 20)": 0.7782002974639816,
        "(20, 10)": 0.7782002974639816,
        "(10, 21)": 0.7210505176074715,
        "(21, 10)": 0.7210505176074715,
        "(10, 22)": 0.7283629572171157,
        "(22, 10)": 0.7283629572171157,
        "(10, 23)": 0.7074215127327892,
        "(23, 10)": 0.7074215127327892,
        "(10, 24)": 0.7718855880398195,
        "(24, 10)": 0.7718855880398195,
        "(10, 25)": 0.7906447970072094,
        "(25, 10)": 0.7906447970072094,
        "(11, 12)": 0.5365476104435516,
        "(12, 11)": 0.5365476104435516,
        "(11, 13)": 0.7048616101598151,
        "(13, 11)": 0.7048616101598151,
        "(11, 14)": 0.5680276493370308,
        "(14, 11)": 0.5680276493370308,
        "(11, 15)": 0.014681848864894178,
        "(15, 11)": 0.014681848864894178,
        "(11, 16)": 0.3432853476363175,
        "(16, 11)": 0.3432853476363175,
        "(11, 17)": 0.062057461280432304,
        "(17, 11)": 0.062057461280432304,
        "(11, 18)": 0.9483146254488898,
        "(18, 11)": 0.9483146254488898,
        "(11, 19)": 0.9956343757514474,
        "(19, 11)": 0.9956343757514474,
        "(11, 20)": 0.771167040787114,
        "(20, 11)": 0.771167040787114,
        "(11, 21)": 0.7342418215843126,
        "(21, 11)": 0.7342418215843126,
        "(11, 22)": 0.6877785790566568,
        "(22, 11)": 0.6877785790566568,
        "(11, 23)": 0.7005100527033961,
        "(23, 11)": 0.7005100527033961,
        "(11, 24)": 0.7587766545547628,
        "(24, 11)": 0.7587766545547628,
        "(11, 25)": 0.8062075871098601,
        "(25, 11)": 0.8062075871098601,
        "(12, 13)": 0.2325454772951089,
        "(13, 12)": 0.2325454772951089,
        "(12, 14)": 0.05800321899504568,
        "(14, 12)": 0.05800321899504568,
        "(12, 15)": 0.5438382520381907,
        "(15, 12)": 0.5438382520381907,
        "(12, 16)": 0.42957866494053126,
        "(16, 12)": 0.42957866494053126,
        "(12, 17)": 0.5064281610518785,
        "(17, 12)": 0.5064281610518785,
        "(12, 18)": 0.4334203914343364,
        "(18, 12)": 0.4334203914343364,
        "(12, 19)": 0.4899896652955615,
        "(19, 12)": 0.4899896652955615,
        "(12, 20)": 0.3189738560059867,
        "(20, 12)": 0.3189738560059867,
        "(12, 21)": 0.5350512545331678,
        "(21, 12)": 0.5350512545331678,
        "(12, 22)": 0.4704553729720887,
        "(22, 12)": 0.4704553729720887,
        "(12, 23)": 0.26593330424371264,
        "(23, 12)": 0.26593330424371264,
        "(12, 24)": 0.25348736801100513,
        "(24, 12)": 0.25348736801100513,
        "(12, 25)": 0.6164371854995477,
        "(25, 12)": 0.6164371854995477,
        "(13, 14)": 0.1753032190679876,
        "(14, 13)": 0.1753032190679876,
        "(13, 15)": 0.7085821491135166,
        "(15, 13)": 0.7085821491135166,
        "(13, 16)": 0.4836085506511528,
        "(16, 13)": 0.4836085506511528,
        "(13, 17)": 0.6608575610913522,
        "(17, 13)": 0.6608575610913522,
        "(13, 18)": 0.43965249133624534,
        "(18, 13)": 0.43965249133624534,
        "(13, 19)": 0.5040210814108969,
        "(19, 13)": 0.5040210814108969,
        "(13, 20)": 0.08674349317434414,
        "(20, 13)": 0.08674349317434414,
        "(13, 21)": 0.393730031861866,
        "(21, 13)": 0.393730031861866,
        "(13, 22)": 0.6754725346325456,
        "(22, 13)": 0.6754725346325456,
        "(13, 23)": 0.05743594919186738,
        "(23, 13)": 0.05743594919186738,
        "(13, 24)": 0.07447218602768163,
        "(24, 13)": 0.07447218602768163,
        "(13, 25)": 0.4627794237411871,
        "(25, 13)": 0.4627794237411871,
        "(14, 15)": 0.5741647222314378,
        "(15, 14)": 0.5741647222314378,
        "(14, 16)": 0.4239696593439146,
        "(16, 14)": 0.4239696593439146,
        "(14, 17)": 0.5329592384571654,
        "(17, 14)": 0.5329592384571654,
        "(14, 18)": 0.4313283555302611,
        "(18, 14)": 0.4313283555302611,
        "(14, 19)": 0.49130937694820626,
        "(19, 14)": 0.49130937694820626,
        "(14, 20)": 0.2614262301915618,
        "(20, 14)": 0.2614262301915618,
        "(14, 21)": 0.48792250562003164,
        "(21, 14)": 0.48792250562003164,
        "(14, 22)": 0.5231280857746137,
        "(22, 14)": 0.5231280857746137,
        "(14, 23)": 0.20801411308277248,
        "(23, 14)": 0.20801411308277248,
        "(14, 24)": 0.2023992874153504,
        "(24, 14)": 0.2023992874153504,
        "(14, 25)": 0.567996120087324,
        "(25, 14)": 0.567996120087324,
        "(15, 16)": 0.3375795994603359,
        "(16, 15)": 0.3375795994603359,
        "(15, 17)": 0.05643776727913707,
        "(17, 15)": 0.05643776727913707,
        "(15, 18)": 0.9578137280885247,
        "(18, 15)": 0.9578137280885247,
        "(15, 19)": 1.0056211912591633,
        "(19, 15)": 1.0056211912591633,
        "(15, 20)": 0.7737900890741786,
        "(20, 15)": 0.7737900890741786,
        "(15, 21)": 0.7299441467309138,
        "(21, 15)": 0.7299441467309138,
        "(15, 22)": 0.7017655106251999,
        "(22, 15)": 0.7017655106251999,
        "(15, 23)": 0.7030652316407486,
        "(23, 15)": 0.7030652316407486,
        "(15, 24)": 0.7634724565224019,
        "(24, 15)": 0.7634724565224019,
        "(15, 25)": 0.8011230680805385,
        "(25, 15)": 0.8011230680805385,
        "(16, 17)": 0.28150757354016426,
        "(17, 16)": 0.28150757354016426,
        "(16, 18)": 0.8552975218886497,
        "(18, 16)": 0.8552975218886497,
        "(16, 19)": 0.9149605987700374,
        "(19, 16)": 0.9149605987700374,
        "(16, 20)": 0.5218767053355929,
        "(20, 16)": 0.5218767053355929,
        "(16, 21)": 0.3949954018857622,
        "(21, 16)": 0.3949954018857622,
        "(16, 22)": 0.8007616375660713,
        "(22, 16)": 0.8007616375660713,
        "(16, 23)": 0.4551916287309782,
        "(23, 16)": 0.4551916287309782,
        "(16, 24)": 0.5542954280505198,
        "(24, 16)": 0.5542954280505198,
        "(16, 25)": 0.463883125379104,
        "(25, 16)": 0.463883125379104,
        "(17, 18)": 0.9277898385279731,
        "(18, 17)": 0.9277898385279731,
        "(17, 19)": 0.9776957529651541,
        "(19, 17)": 0.9776957529651541,
        "(17, 20)": 0.723765146620515,
        "(20, 17)": 0.723765146620515,
        "(17, 21)": 0.6735109740363274,
        "(21, 17)": 0.6735109740363274,
        "(17, 22)": 0.7023140068748255,
        "(22, 17)": 0.7023140068748255,
        "(17, 23)": 0.652986516338417,
        "(23, 17)": 0.652986516338417,
        "(17, 24)": 0.7179380447336711,
        "(24, 17)": 0.7179380447336711,
        "(17, 25)": 0.7448333170623096,
        "(25, 17)": 0.7448333170623096,
        "(18, 19)": 0.06437006565356061,
        "(19, 18)": 0.06437006565356061,
        "(18, 20)": 0.47977788296188373,
        "(20, 18)": 0.47977788296188373,
        "(18, 21)": 0.8313561277720625,
        "(21, 18)": 0.8313561277720625,
        "(18, 22)": 0.5174591955505607,
        "(22, 18)": 0.5174591955505607,
        "(18, 23)": 0.4957752471352062,
        "(23, 18)": 0.4957752471352062,
        "(18, 24)": 0.3732346681819365,
        "(24, 18)": 0.3732346681819365,
        "(18, 25)": 0.8953628298331421,
        "(25, 18)": 0.8953628298331421,
        "(19, 20)": 0.5432814541420952,
        "(20, 19)": 0.5432814541420952,
        "(19, 21)": 0.8955659687832715,
        "(21, 19)": 0.8955659687832715,
        "(19, 22)": 0.5225825376262976,
        "(22, 19)": 0.5225825376262976,
        "(19, 23)": 0.5601135233967941,
        "(23, 19)": 0.5601135233967941,
        "(19, 24)": 0.43738033419461214,
        "(24, 19)": 0.43738033419461214,
        "(19, 25)": 0.9591801147414664,
        "(25, 19)": 0.9591801147414664,
        "(20, 21)": 0.3573857602705849,
        "(21, 20)": 0.3573857602705849,
        "(20, 22)": 0.7587080929970348,
        "(22, 20)": 0.7587080929970348,
        "(20, 23)": 0.07077884017371944,
        "(23, 20)": 0.07077884017371944,
        "(20, 24)": 0.11237492749797841,
        "(24, 20)": 0.11237492749797841,
        "(20, 25)": 0.4163753005111707,
        "(25, 20)": 0.4163753005111707,
        "(21, 22)": 1.0033000063722182,
        "(22, 21)": 1.0033000063722182,
        "(21, 23)": 0.33655423489250574,
        "(23, 21)": 0.33655423489250574,
        "(21, 24)": 0.4582214314121629,
        "(24, 21)": 0.4582214314121629,
        "(21, 25)": 0.08369706518173824,
        "(25, 21)": 0.08369706518173824,
        "(22, 23)": 0.7221982101342233,
        "(23, 22)": 0.7221982101342233,
        "(22, 24)": 0.6596237793591487,
        "(24, 22)": 0.6596237793591487,
        "(22, 25)": 1.0855909178147913,
        "(25, 22)": 1.0855909178147913,
        "(23, 24)": 0.12497109928105965,
        "(24, 23)": 0.12497109928105965,
        "(23, 25)": 0.40536060755816294,
        "(25, 23)": 0.40536060755816294,
        "(24, 25)": 0.5227853475384179,
        "(25, 24)": 0.5227853475384179
    },
    "statistics": {
        "avg_distance": 0.56,
        "min_distance": 0.014681848864894178,
        "max_distance": 1.2162829663285841
    }
}