{
    "instance_id": "LARGE_08",
    "group": "Large",
    "group_key": "large",
    "instance_number_in_group": 8,
    "parameters": {
        "I_range": [
            22,
            30
        ],
        "p_range": [
            13,
            20
        ]
    },
    "I": 22,
    "p": 20,
    "facilities": [
        [
            0.9562293789983881,
            0.4216443511260176
        ],
        [
            0.6598818305173374,
            0.040670087279243594
        ],
        [
            0.8046658460427243,
            0.9985399002521226
        ],
        [
            0.5915660292981261,
            0.7855805116121513
        ],
        [
            0.9482256576789037,
            0.5177882303300873
        ],
        [
            0.5511151641666027,
            0.32545820233411693
        ],
        [
            0.9523068060023249,
            0.37974198719525865
        ],
        [
            0.14529696004262072,
            0.9635830752658667
        ],
        [
            0.8631114760531485,
            0.16422112573719116
        ],
        [
            0.7189803787834325,
            0.6562272773257245
        ],
        [
            0.9132081277284052,
            0.11887099478825214
        ],
        [
            0.7347124943699319,
            0.8131757025606108
        ],
        [
            0.4030889380664454,
            0.17637190877331954
        ],
        [
            0.06053923240258319,
            0.3948312179126098
        ],
        [
            0.33738447262100446,
            0.28799969500054456
        ],
        [
            0.5707340283079368,
            0.3488879973263981
        ],
        [
            0.40954644910529525,
            0.5989140596501389
        ],
        [
            0.12979160123555633,
            0.025933481964334093
        ],
        [
            0.7242759250138792,
            0.5795293985674641
        ],
        [
            0.15143357933613721,
            0.9765773075746126
        ],
        [
            0.2751684424055303,
            0.1214068988151138
        ],
        [
            0.35577120748342594,
            0.3608630873600779
        ]
    ],
    "distanceMatrix": {
        "(0, 1)": 0.4826626764152373,
        "(1, 0)": 0.4826626764152373,
        "(0, 2)": 0.596472949196787,
        "(2, 0)": 0.596472949196787,
        "(0, 3)": 0.5151979110244959,
        "(3, 0)": 0.5151979110244959,
        "(0, 4)": 0.09647644823150728,
        "(4, 0)": 0.09647644823150728,
        "(0, 5)": 0.41637639495796547,
        "(5, 0)": 0.41637639495796547,
        "(0, 6)": 0.04208556381819322,
        "(6, 0)": 0.04208556381819322,
        "(0, 7)": 0.9753506901806035,
        "(7, 0)": 0.9753506901806035,
        "(0, 8)": 0.2737474398391802,
        "(8, 0)": 0.2737474398391802,
        "(0, 9)": 0.3336408808395835,
        "(9, 0)": 0.3336408808395835,
        "(0, 10)": 0.3058145408067944,
        "(10, 0)": 0.3058145408067944,
        "(0, 11)": 0.44985167481259386,
        "(11, 0)": 0.44985167481259386,
        "(0, 12)": 0.605080918862958,
        "(12, 0)": 0.605080918862958,
        "(0, 13)": 0.8960913920028104,
        "(13, 0)": 0.8960913920028104,
        "(0, 14)": 0.6331112953187051,
        "(14, 0)": 0.6331112953187051,
        "(0, 15)": 0.3923010991855228,
        "(15, 0)": 0.3923010991855228,
        "(0, 16)": 0.5747058163936773,
        "(16, 0)": 0.5747058163936773,
        "(0, 17)": 0.9162895243787647,
        "(17, 0)": 0.9162895243787647,
        "(0, 18)": 0.2805888326732401,
        "(18, 0)": 0.2805888326732401,
        "(0, 19)": 0.9775719233421037,
        "(19, 0)": 0.9775719233421037,
        "(0, 20)": 0.744302712021717,
        "(20, 0)": 0.744302712021717,
        "(0, 21)": 0.6035266172788707,
        "(21, 0)": 0.6035266172788707,
        "(1, 2)": 0.9687502205193832,
        "(2, 1)": 0.9687502205193832,
        "(1, 3)": 0.7480364890672482,
        "(3, 1)": 0.7480364890672482,
        "(1, 4)": 0.5574799414243211,
        "(4, 1)": 0.5574799414243211,
        "(1, 5)": 0.30485153466164444,
        "(5, 1)": 0.30485153466164444,
        "(1, 6)": 0.4477522971465938,
        "(6, 1)": 0.4477522971465938,
        "(1, 7)": 1.056676853307518,
        "(7, 1)": 1.056676853307518,
        "(1, 8)": 0.23783849126802137,
        "(8, 1)": 0.23783849126802137,
        "(1, 9)": 0.6183876556215198,
        "(9, 1)": 0.6183876556215198,
        "(1, 10)": 0.26512184895610313,
        "(10, 1)": 0.26512184895610313,
        "(1, 11)": 0.7761214814021473,
        "(11, 1)": 0.7761214814021473,
        "(1, 12)": 0.29044375353948554,
        "(12, 1)": 0.29044375353948554,
        "(1, 13)": 0.6961620905841168,
        "(13, 1)": 0.6961620905841168,
        "(1, 14)": 0.4064190949078157,
        "(14, 1)": 0.4064190949078157,
        "(1, 15)": 0.3208513841525422,
        "(15, 1)": 0.3208513841525422,
        "(1, 16)": 0.6118040011924976,
        "(16, 1)": 0.6118040011924976,
        "(1, 17)": 0.5302950298807435,
        "(17, 1)": 0.5302950298807435,
        "(1, 18)": 0.5426932437095978,
        "(18, 1)": 0.5426932437095978,
        "(1, 19)": 1.0651018491816757,
        "(19, 1)": 1.0651018491816757,
        "(1, 20)": 0.39309391209918854,
        "(20, 1)": 0.39309391209918854,
        "(1, 21)": 0.4415957748244869,
        "(21, 1)": 0.4415957748244869,
        "(2, 3)": 0.30126936967851825,
        "(3, 2)": 0.30126936967851825,
        "(2, 4)": 0.501728599593287,
        "(4, 2)": 0.501728599593287,
        "(2, 5)": 0.7192544197653787,
        "(5, 2)": 0.7192544197653787,
        "(2, 6)": 0.6361672030695409,
        "(6, 2)": 0.6361672030695409,
        "(2, 7)": 0.6602948640101158,
        "(7, 2)": 0.6602948640101158,
        "(2, 8)": 0.8363633834496895,
        "(8, 2)": 0.8363633834496895,
        "(2, 9)": 0.3528738175526679,
        "(9, 2)": 0.3528738175526679,
        "(2, 10)": 0.88634012103342,
        "(10, 2)": 0.88634012103342,
        "(2, 11)": 0.19812460017896624,
        "(11, 2)": 0.19812460017896624,
        "(2, 12)": 0.9149995733507628,
        "(12, 2)": 0.9149995733507628,
        "(2, 13)": 0.9582215768076059,
        "(13, 2)": 0.9582215768076059,
        "(2, 14)": 0.8504229919433289,
        "(14, 2)": 0.8504229919433289,
        "(2, 15)": 0.6904865605670517,
        "(15, 2)": 0.6904865605670517,
        "(2, 16)": 0.561978781016721,
        "(16, 2)": 0.561978781016721,
        "(2, 17)": 1.1838152267979347,
        "(17, 2)": 1.1838152267979347,
        "(2, 18)": 0.4266524814471998,
        "(18, 2)": 0.4266524814471998,
        "(2, 19)": 0.653601369141577,
        "(19, 2)": 0.653601369141577,
        "(2, 20)": 1.0245632253152683,
        "(20, 2)": 1.0245632253152683,
        "(2, 21)": 0.7798321064353781,
        "(21, 2)": 0.7798321064353781,
        "(3, 4)": 0.44600313500127603,
        "(4, 3)": 0.44600313500127603,
        "(3, 5)": 0.4618969711799805,
        "(5, 3)": 0.4618969711799805,
        "(3, 6)": 0.5429906222744821,
        "(6, 3)": 0.5429906222744821,
        "(3, 7)": 0.48045915002367273,
        "(7, 3)": 0.48045915002367273,
        "(3, 8)": 0.67810354376621,
        "(8, 3)": 0.67810354376621,
        "(3, 9)": 0.18156727589277483,
        "(9, 3)": 0.18156727589277483,
        "(3, 10)": 0.7402399741341927,
        "(10, 3)": 0.7402399741341927,
        "(3, 11)": 0.14578204630898714,
        "(11, 3)": 0.14578204630898714,
        "(3, 12)": 0.6376979972463428,
        "(12, 3)": 0.6376979972463428,
        "(3, 13)": 0.659298467727501,
        "(13, 3)": 0.659298467727501,
        "(3, 14)": 0.5587440673641897,
        "(14, 3)": 0.5587440673641897,
        "(3, 15)": 0.4371891173147703,
        "(15, 3)": 0.4371891173147703,
        "(3, 16)": 0.26072109976306224,
        "(16, 3)": 0.26072109976306224,
        "(3, 17)": 0.8889877569827748,
        "(17, 3)": 0.8889877569827748,
        "(3, 18)": 0.24508973378711826,
        "(18, 3)": 0.24508973378711826,
        "(3, 19)": 0.4797878172457787,
        "(19, 3)": 0.4797878172457787,
        "(3, 20)": 0.7356860885780883,
        "(20, 3)": 0.7356860885780883,
        "(3, 21)": 0.48578193508810297,
        "(21, 3)": 0.48578193508810297,
        "(4, 5)": 0.4412341597457227,
        "(5, 4)": 0.4412341597457227,
        "(4, 6)": 0.13810655674253117,
        "(6, 4)": 0.13810655674253117,
        "(4, 7)": 0.9183831102863407,
        "(7, 4)": 0.9183831102863407,
        "(4, 8)": 0.36366759735234316,
        "(8, 4)": 0.36366759735234316,
        "(4, 9)": 0.26780359898426054,
        "(9, 4)": 0.26780359898426054,
        "(4, 10)": 0.40045123075872047,
        "(10, 4)": 0.40045123075872047,
        "(4, 11)": 0.36447445679627805,
        "(11, 4)": 0.36447445679627805,
        "(4, 12)": 0.6432255807220248,
        "(12, 4)": 0.6432255807220248,
        "(4, 13)": 0.8961616017898134,
        "(13, 4)": 0.8961616017898134,
        "(4, 14)": 0.6526329169846057,
        "(14, 4)": 0.6526329169846057,
        "(4, 15)": 0.41355437242743287,
        "(15, 4)": 0.41355437242743287,
        "(4, 16)": 0.5447537883598014,
        "(16, 4)": 0.5447537883598014,
        "(4, 17)": 0.954858836811102,
        "(17, 4)": 0.954858836811102,
        "(4, 18)": 0.23230465904938716,
        "(18, 4)": 0.23230465904938716,
        "(4, 19)": 0.9194373461572399,
        "(19, 4)": 0.9194373461572399,
        "(4, 20)": 0.781104458446584,
        "(20, 4)": 0.781104458446584,
        "(4, 21)": 0.612884798353315,
        "(21, 4)": 0.612884798353315,
        "(5, 6)": 0.4048474561828111,
        "(6, 5)": 0.4048474561828111,
        "(5, 7)": 0.7562352598580522,
        "(7, 5)": 0.7562352598580522,
        "(5, 8)": 0.3511966592955145,
        "(8, 5)": 0.3511966592955145,
        "(5, 9)": 0.3709270969464998,
        "(9, 5)": 0.3709270969464998,
        "(5, 10)": 0.41688078461661804,
        "(10, 5)": 0.41688078461661804,
        "(5, 11)": 0.5211298683485436,
        "(11, 5)": 0.5211298683485436,
        "(5, 12)": 0.2100916146378792,
        "(12, 5)": 0.2100916146378792,
        "(5, 13)": 0.4954567187117253,
        "(13, 5)": 0.4954567187117253,
        "(5, 14)": 0.21698835978047057,
        "(14, 5)": 0.21698835978047057,
        "(5, 15)": 0.030559043237255498,
        "(15, 5)": 0.030559043237255498,
        "(5, 16)": 0.3079282497344961,
        "(16, 5)": 0.3079282497344961,
        "(5, 17)": 0.5169415854750979,
        "(17, 5)": 0.5169415854750979,
        "(5, 18)": 0.3074684078936431,
        "(18, 5)": 0.3074684078936431,
        "(5, 19)": 0.7640035722833868,
        "(19, 5)": 0.7640035722833868,
        "(5, 20)": 0.34319604851817137,
        "(20, 5)": 0.34319604851817137,
        "(5, 21)": 0.19852649016274967,
        "(21, 5)": 0.19852649016274967,
        "(6, 7)": 0.9960598915704703,
        "(7, 6)": 0.9960598915704703,
        "(6, 8)": 0.23324889840762367,
        "(8, 6)": 0.23324889840762367,
        "(6, 9)": 0.3617807862466731,
        "(9, 6)": 0.3617807862466731,
        "(6, 10)": 0.26378472533902325,
        "(10, 6)": 0.26378472533902325,
        "(6, 11)": 0.4849866699922669,
        "(11, 6)": 0.4849866699922669,
        "(6, 12)": 0.5856617242550334,
        "(12, 6)": 0.5856617242550334,
        "(6, 13)": 0.8918952237833837,
        "(13, 6)": 0.8918952237833837,
        "(6, 14)": 0.6217283363883843,
        "(14, 6)": 0.6217283363883843,
        "(6, 15)": 0.38281817272464824,
        "(15, 6)": 0.38281817272464824,
        "(6, 16)": 0.5853419533598786,
        "(16, 6)": 0.5853419533598786,
        "(6, 17)": 0.8953835605182062,
        "(17, 6)": 0.8953835605182062,
        "(6, 18)": 0.30317172102155826,
        "(18, 6)": 0.30317172102155826,
        "(6, 19)": 0.9988044477489258,
        "(19, 6)": 0.9988044477489258,
        "(6, 20)": 0.7247436659557102,
        "(20, 6)": 0.7247436659557102,
        "(6, 21)": 0.5968342593712996,
        "(21, 6)": 0.5968342593712996,
        "(7, 8)": 1.0743543203942139,
        "(8, 7)": 1.0743543203942139,
        "(7, 9)": 0.6508304321907259,
        "(9, 7)": 0.6508304321907259,
        "(7, 10)": 1.141589269554232,
        "(10, 7)": 1.141589269554232,
        "(7, 11)": 0.6083034192493475,
        "(11, 7)": 0.6083034192493475,
        "(7, 12)": 0.8283466210373487,
        "(12, 7)": 0.8283466210373487,
        "(7, 13)": 0.5750326491926196,
        "(13, 7)": 0.5750326491926196,
        "(7, 14)": 0.7023606738558684,
        "(14, 7)": 0.7023606738558684,
        "(7, 15)": 0.7475605245712194,
        "(15, 7)": 0.7475605245712194,
        "(7, 16)": 0.45034573765056163,
        "(16, 7)": 0.45034573765056163,
        "(7, 17)": 0.9377777860294332,
        "(17, 7)": 0.9377777860294332,
        "(7, 18)": 0.69477612830663,
        "(18, 7)": 0.69477612830663,
        "(7, 19)": 0.014370392118770232,
        "(19, 7)": 0.014370392118770232,
        "(7, 20)": 0.8521310428052421,
        "(20, 7)": 0.8521310428052421,
        "(7, 21)": 0.6384127134205017,
        "(21, 7)": 0.6384127134205017,
        "(8, 9)": 0.5126829687059354,
        "(9, 8)": 0.5126829687059354,
        "(8, 10)": 0.06757446918887276,
        "(10, 8)": 0.06757446918887276,
        "(8, 11)": 0.6615348375386972,
        "(11, 8)": 0.6615348375386972,
        "(8, 12)": 0.46018298206704555,
        "(12, 8)": 0.46018298206704555,
        "(8, 13)": 0.8350468375435341,
        "(13, 8)": 0.8350468375435341,
        "(8, 14)": 0.5401018573812021,
        "(14, 8)": 0.5401018573812021,
        "(8, 15)": 0.3458127027923477,
        "(15, 8)": 0.3458127027923477,
        "(8, 16)": 0.6282349723344389,
        "(16, 8)": 0.6282349723344389,
        "(8, 17)": 0.7462449405005958,
        "(17, 8)": 0.7462449405005958,
        "(8, 18)": 0.4378998421027827,
        "(18, 8)": 0.4378998421027827,
        "(8, 19)": 1.0800037013107977,
        "(19, 8)": 1.0800037013107977,
        "(8, 20)": 0.5894998463457811,
        "(20, 8)": 0.5894998463457811,
        "(8, 21)": 0.544115988722345,
        "(21, 8)": 0.544115988722345,
        "(9, 10)": 0.5713809524675487,
        "(10, 9)": 0.5713809524675487,
        "(9, 11)": 0.1577349284227741,
        "(11, 9)": 0.1577349284227741,
        "(9, 12)": 0.5744985439901638,
        "(12, 9)": 0.5744985439901638,
        "(9, 13)": 0.7084297023163495,
        "(13, 9)": 0.7084297023163495,
        "(9, 14)": 0.5302895322227016,
        "(14, 9)": 0.5302895322227016,
        "(9, 15)": 0.34122487227605175,
        "(15, 9)": 0.34122487227605175,
        "(9, 16)": 0.3146969363631992,
        "(16, 9)": 0.3146969363631992,
        "(9, 17)": 0.8627941145252597,
        "(17, 9)": 0.8627941145252597,
        "(9, 18)": 0.07688047486778167,
        "(18, 9)": 0.07688047486778167,
        "(9, 19)": 0.6517158210779694,
        "(19, 9)": 0.6517158210779694,
        "(9, 20)": 0.6949833610538716,
        "(20, 9)": 0.6949833610538716,
        "(9, 21)": 0.4681462451312624,
        "(21, 9)": 0.4681462451312624,
        "(10, 11)": 0.7168819417190692,
        "(11, 10)": 0.7168819417190692,
        "(10, 12)": 0.5133497275449678,
        "(12, 10)": 0.5133497275449678,
        "(10, 13)": 0.8962133059729714,
        "(13, 10)": 0.8962133059729714,
        "(10, 14)": 0.6001478143063976,
        "(14, 10)": 0.6001478143063976,
        "(10, 15)": 0.41254857923703275,
        "(15, 10)": 0.41254857923703275,
        "(10, 16)": 0.6957847588410101,
        "(16, 10)": 0.6957847588410101,
        "(10, 17)": 0.7889099031397796,
        "(17, 10)": 0.7889099031397796,
        "(10, 18)": 0.4978971200910628,
        "(18, 10)": 0.4978971200910628,
        "(10, 19)": 1.1471532511272493,
        "(19, 10)": 1.1471532511272493,
        "(10, 20)": 0.6380447248086506,
        "(20, 10)": 0.6380447248086506,
        "(10, 21)": 0.6076973695183306,
        "(21, 10)": 0.6076973695183306,
        "(11, 12)": 0.7179785894281657,
        "(12, 11)": 0.7179785894281657,
        "(11, 13)": 0.7934240322722126,
        "(13, 11)": 0.7934240322722126,
        "(11, 14)": 0.6585433894464714,
        "(14, 11)": 0.6585433894464714,
        "(11, 15)": 0.49239416178880113,
        "(15, 11)": 0.49239416178880113,
        "(11, 16)": 0.3894111048952486,
        "(16, 11)": 0.3894111048952486,
        "(11, 17)": 0.9928139809852837,
        "(17, 11)": 0.9928139809852837,
        "(11, 18)": 0.23387927943616896,
        "(18, 11)": 0.23387927943616896,
        "(11, 19)": 0.6057345765631615,
        "(19, 11)": 0.6057345765631615,
        "(11, 20)": 0.8304967269841204,
        "(20, 11)": 0.8304967269841204,
        "(11, 21)": 0.5900705049201719,
        "(21, 11)": 0.5900705049201719,
        "(12, 13)": 0.4062816395064077,
        "(13, 12)": 0.4062816395064077,
        "(12, 14)": 0.1295292995328169,
        "(14, 12)": 0.1295292995328169,
        "(12, 15)": 0.24055493570436556,
        "(15, 12)": 0.24055493570436556,
        "(12, 16)": 0.4225914915334023,
        "(16, 12)": 0.4225914915334023,
        "(12, 17)": 0.311966592088991,
        "(17, 12)": 0.311966592088991,
        "(12, 18)": 0.5154580896265832,
        "(18, 12)": 0.5154580896265832,
        "(12, 19)": 0.8388439067242586,
        "(19, 12)": 0.8388439067242586,
        "(12, 20)": 0.13922932711839076,
        "(20, 12)": 0.13922932711839076,
        "(12, 21)": 0.19046249658097622,
        "(21, 12)": 0.19046249658097622,
        "(13, 14)": 0.2967427527662748,
        "(14, 13)": 0.2967427527662748,
        "(13, 15)": 0.5122592207923043,
        "(15, 13)": 0.5122592207923043,
        "(13, 16)": 0.4042967271723074,
        "(16, 13)": 0.4042967271723074,
        "(13, 17)": 0.3753417511771664,
        "(17, 13)": 0.3753417511771664,
        "(13, 18)": 0.6889555973034802,
        "(18, 13)": 0.6889555973034802,
        "(13, 19)": 0.5888041228978516,
        "(19, 13)": 0.5888041228978516,
        "(13, 20)": 0.3476011450792682,
        "(20, 13)": 0.3476011450792682,
        "(13, 21)": 0.297179664518569,
        "(21, 13)": 0.297179664518569,
        "(14, 15)": 0.24116260178438387,
        "(15, 14)": 0.24116260178438387,
        "(14, 16)": 0.3191787790495794,
        "(16, 14)": 0.3191787790495794,
        "(14, 17)": 0.33432544064907127,
        "(17, 14)": 0.33432544064907127,
        "(14, 18)": 0.4844322078438675,
        "(18, 14)": 0.4844322078438675,
        "(14, 19)": 0.7132439016575209,
        "(19, 14)": 0.7132439016575209,
        "(14, 20)": 0.17783136437831565,
        "(20, 14)": 0.17783136437831565,
        "(14, 21)": 0.07514749473562166,
        "(21, 14)": 0.07514749473562166,
        "(15, 16)": 0.29748019687085553,
        "(16, 15)": 0.29748019687085553,
        "(15, 17)": 0.5465618382079261,
        "(17, 15)": 0.5465618382079261,
        "(15, 18)": 0.2770750259595777,
        "(18, 15)": 0.2770750259595777,
        "(15, 19)": 0.7548554409341116,
        "(19, 15)": 0.7548554409341116,
        "(15, 20)": 0.3729700601251172,
        "(20, 15)": 0.3729700601251172,
        "(15, 21)": 0.2152961149629633,
        "(21, 15)": 0.2152961149629633,
        "(16, 17)": 0.6376280399353367,
        "(17, 16)": 0.6376280399353367,
        "(16, 18)": 0.3153258760250767,
        "(18, 16)": 0.3153258760250767,
        "(16, 19)": 0.45744046866595967,
        "(19, 16)": 0.45744046866595967,
        "(16, 20)": 0.49605497410400856,
        "(20, 16)": 0.49605497410400856,
        "(16, 21)": 0.2440492614611522,
        "(21, 16)": 0.2440492614611522,
        "(17, 18)": 0.8123300130475479,
        "(18, 17)": 0.8123300130475479,
        "(17, 19)": 0.9508901400198929,
        "(19, 17)": 0.9508901400198929,
        "(17, 20)": 0.1739241192983957,
        "(20, 17)": 0.1739241192983957,
        "(17, 21)": 0.4040354229649807,
        "(21, 17)": 0.4040354229649807,
        "(18, 19)": 0.6969902402821193,
        "(19, 18)": 0.6969902402821193,
        "(18, 20)": 0.6415401434938819,
        "(20, 18)": 0.6415401434938819,
        "(18, 21)": 0.4284981709403724,
        "(21, 18)": 0.4284981709403724,
        "(19, 20)": 0.8640756589307962,
        "(20, 19)": 0.8640756589307962,
        "(19, 21)": 0.6487355911704338,
        "(21, 19)": 0.6487355911704338,
        "(20, 21)": 0.25265801386594455,
        "(21, 20)": 0.25265801386594455
    },
    "statistics": {
        "avg_distance": 0.55,
        "min_distance": 0.014370392118770232,
        "max_distance": 1.1838152267979347
    }
}