{
    "instance_id": "LARGE_07",
    "group": "Large",
    "group_key": "large",
    "instance_number_in_group": 7,
    "parameters": {
        "I_range": [
            22,
            30
        ],
        "p_range": [
            13,
            20
        ]
    },
    "I": 29,
    "p": 20,
    "facilities": [
        [
            0.5983866384060262,
            0.6449613296863151
        ],
        [
            0.6075511354285725,
            0.6600154998837161
        ],
        [
            0.8279489573048117,
            0.7860400773485269
        ],
        [
            0.00012395837680811983,
            0.2434266828136673
        ],
        [
            0.4841626741883682,
            0.04687372646850041
        ],
        [
            0.5946554454305292,
            0.5367781773960673
        ],
        [
            0.9848681764023474,
            0.9788719964519389
        ],
        [
            0.7328572196790678,
            0.34233244825029874
        ],
        [
            0.8547504892767955,
            0.25337343390689626
        ],
        [
            0.653176060162562,
            0.5535746531455707
        ],
        [
            0.6799093220895978,
            0.3493924396886291
        ],
        [
            0.27105772016594687,
            0.34826033990543215
        ],
        [
            0.2115608373217268,
            0.1810854770520819
        ],
        [
            0.718355427251102,
            0.7657637311928744
        ],
        [
            0.2602722280441562,
            0.806891066361023
        ],
        [
            0.9160843381412241,
            0.20582436826849193
        ],
        [
            0.5478630126901582,
            0.5821460121081065
        ],
        [
            0.35471134811195326,
            0.5776408763192976
        ],
        [
            0.6170475618217574,
            0.5927488317888372
        ],
        [
            0.4087521391755111,
            0.9506506234571922
        ],
        [
            0.9263479119060297,
            0.23623343915898776
        ],
        [
            0.15212954445371552,
            0.3297301457228854
        ],
        [
            0.5382990638868704,
            0.4108277785030444
        ],
        [
            0.7450284695635403,
            0.6232318208536983
        ],
        [
            0.991138080596386,
            0.24237747534987752
        ],
        [
            0.8730318817399841,
            0.16452284102479187
        ],
        [
            0.044223817046202485,
            0.6313335475235573
        ],
        [
            0.7046331376103505,
            0.1389857585728802
        ],
        [
            0.719460796131064,
            0.3936075458998377
        ]
    ],
    "distanceMatrix": {
        "(0, 1)": 0.017624302709854232,
        "(1, 0)": 0.017624302709854232,
        "(0, 2)": 0.2694477153366227,
        "(2, 0)": 0.2694477153366227,
        "(0, 3)": 0.7205194702122105,
        "(3, 0)": 0.7205194702122105,
        "(0, 4)": 0.6088972779742302,
        "(4, 0)": 0.6088972779742302,
        "(0, 5)": 0.10824747683191219,
        "(5, 0)": 0.10824747683191219,
        "(0, 6)": 0.510748776397815,
        "(6, 0)": 0.510748776397815,
        "(0, 7)": 0.33115944363270716,
        "(7, 0)": 0.33115944363270716,
        "(0, 8)": 0.4680422033900822,
        "(8, 0)": 0.4680422033900822,
        "(0, 9)": 0.10655235983110932,
        "(9, 0)": 0.10655235983110932,
        "(0, 10)": 0.3066054740043561,
        "(10, 0)": 0.3066054740043561,
        "(0, 11)": 0.44178693739536506,
        "(11, 0)": 0.44178693739536506,
        "(0, 12)": 0.603999178014049,
        "(12, 0)": 0.603999178014049,
        "(0, 13)": 0.17025196182924396,
        "(13, 0)": 0.17025196182924396,
        "(0, 14)": 0.3748901093839304,
        "(14, 0)": 0.3748901093839304,
        "(0, 15)": 0.542008394123481,
        "(15, 0)": 0.542008394123481,
        "(0, 16)": 0.08061265953886108,
        "(16, 0)": 0.08061265953886108,
        "(0, 17)": 0.25280366006338106,
        "(17, 0)": 0.25280366006338106,
        "(0, 18)": 0.055447046805235004,
        "(18, 0)": 0.055447046805235004,
        "(0, 19)": 0.3597321053569528,
        "(19, 0)": 0.3597321053569528,
        "(0, 20)": 0.5240392021697069,
        "(20, 0)": 0.5240392021697069,
        "(0, 21)": 0.5463662629095497,
        "(21, 0)": 0.5463662629095497,
        "(0, 22)": 0.24172098874794543,
        "(22, 0)": 0.24172098874794543,
        "(0, 23)": 0.14824303760829927,
        "(23, 0)": 0.14824303760829927,
        "(0, 24)": 0.5624299557411478,
        "(24, 0)": 0.5624299557411478,
        "(0, 25)": 0.5533996305323464,
        "(25, 0)": 0.5533996305323464,
        "(0, 26)": 0.5543303609077853,
        "(26, 0)": 0.5543303609077853,
        "(0, 27)": 0.5170102485993301,
        "(27, 0)": 0.5170102485993301,
        "(0, 28)": 0.27899404347155254,
        "(28, 0)": 0.27899404347155254,
        "(1, 2)": 0.25388460767241194,
        "(2, 1)": 0.25388460767241194,
        "(1, 3)": 0.7365555090615358,
        "(3, 1)": 0.7365555090615358,
        "(1, 4)": 0.6254338867330271,
        "(4, 1)": 0.6254338867330271,
        "(1, 5)": 0.12391019519979135,
        "(5, 1)": 0.12391019519979135,
        "(1, 6)": 0.4940016344233755,
        "(6, 1)": 0.4940016344233755,
        "(1, 7)": 0.3415027614021777,
        "(7, 1)": 0.3415027614021777,
        "(1, 8)": 0.4758836941573805,
        "(8, 1)": 0.4758836941573805,
        "(1, 9)": 0.11580711381998757,
        "(9, 1)": 0.11580711381998757,
        "(1, 10)": 0.3189394812528427,
        "(10, 1)": 0.3189394812528427,
        "(1, 11)": 0.45871461529821705,
        "(11, 1)": 0.45871461529821705,
        "(1, 12)": 0.6214356627715037,
        "(12, 1)": 0.6214356627715037,
        "(1, 13)": 0.15316748842788908,
        "(13, 1)": 0.15316748842788908,
        "(1, 14)": 0.3770610978901746,
        "(14, 1)": 0.3770610978901746,
        "(1, 15)": 0.549074058041394,
        "(15, 1)": 0.549074058041394,
        "(1, 16)": 0.09811385795325668,
        "(16, 1)": 0.09811385795325668,
        "(1, 17)": 0.26592016970830346,
        "(17, 1)": 0.26592016970830346,
        "(1, 18)": 0.06793369378171467,
        "(18, 1)": 0.06793369378171467,
        "(1, 19)": 0.35212187657939464,
        "(19, 1)": 0.35212187657939464,
        "(1, 20)": 0.530304270852607,
        "(20, 1)": 0.530304270852607,
        "(1, 21)": 0.5625808748075385,
        "(21, 1)": 0.5625808748075385,
        "(1, 22)": 0.25863172639819015,
        "(22, 1)": 0.25863172639819015,
        "(1, 23)": 0.14231323355134948,
        "(23, 1)": 0.14231323355134948,
        "(1, 24)": 0.567063015933593,
        "(24, 1)": 0.567063015933593,
        "(1, 25)": 0.5621325481104527,
        "(25, 1)": 0.5621325481104527,
        "(1, 26)": 0.5640570201912769,
        "(26, 1)": 0.5640570201912769,
        "(1, 27)": 0.5299970815750398,
        "(27, 1)": 0.5299970815750398,
        "(1, 28)": 0.28895842279543094,
        "(28, 1)": 0.28895842279543094,
        "(2, 3)": 0.9898098427368724,
        "(3, 2)": 0.9898098427368724,
        "(2, 4)": 0.8152029825339906,
        "(4, 2)": 0.8152029825339906,
        "(2, 5)": 0.34140497572611034,
        "(5, 2)": 0.34140497572611034,
        "(2, 6)": 0.24861172608564794,
        "(6, 2)": 0.24861172608564794,
        "(2, 7)": 0.4537828761474524,
        "(7, 2)": 0.4537828761474524,
        "(2, 8)": 0.5333404870731441,
        "(8, 2)": 0.5333404870731441,
        "(2, 9)": 0.29083627529136685,
        "(9, 2)": 0.29083627529136685,
        "(2, 10)": 0.4610606175641366,
        "(10, 2)": 0.4610606175641366,
        "(2, 11)": 0.7083635708573672,
        "(11, 2)": 0.7083635708573672,
        "(2, 12)": 0.8636575611178966,
        "(12, 2)": 0.8636575611178966,
        "(2, 13)": 0.11145345236042355,
        "(13, 2)": 0.11145345236042355,
        "(2, 14)": 0.5680595326960677,
        "(14, 2)": 0.5680595326960677,
        "(2, 15)": 0.5868714632851278,
        "(15, 2)": 0.5868714632851278,
        "(2, 16)": 0.3464403645809009,
        "(16, 2)": 0.3464403645809009,
        "(2, 17)": 0.517091927749983,
        "(17, 2)": 0.517091927749983,
        "(2, 18)": 0.28607849312158357,
        "(18, 2)": 0.28607849312158357,
        "(2, 19)": 0.4503583064848731,
        "(19, 2)": 0.4503583064848731,
        "(2, 20)": 0.558542472569361,
        "(20, 2)": 0.558542472569361,
        "(2, 21)": 0.8154450517886523,
        "(21, 2)": 0.8154450517886523,
        "(2, 22)": 0.47400562228937365,
        "(22, 2)": 0.47400562228937365,
        "(2, 23)": 0.18270833497718766,
        "(23, 2)": 0.18270833497718766,
        "(2, 24)": 0.5676263866070836,
        "(24, 2)": 0.5676263866070836,
        "(2, 25)": 0.6231501786272078,
        "(25, 2)": 0.6231501786272078,
        "(2, 26)": 0.7988486751843936,
        "(26, 2)": 0.7988486751843936,
        "(2, 27)": 0.6587002981881313,
        "(27, 2)": 0.6587002981881313,
        "(2, 28)": 0.40715227231846257,
        "(28, 2)": 0.40715227231846257,
        "(3, 4)": 0.5224237198410208,
        "(4, 3)": 0.5224237198410208,
        "(3, 5)": 0.6629651487612579,
        "(5, 3)": 0.6629651487612579,
        "(3, 6)": 1.2290650854561065,
        "(6, 3)": 1.2290650854561065,
        "(3, 7)": 0.7393783758369267,
        "(7, 3)": 0.7393783758369267,
        "(3, 8)": 0.85468441261992,
        "(8, 3)": 0.85468441261992,
        "(3, 9)": 0.722958374422615,
        "(9, 3)": 0.722958374422615,
        "(3, 10)": 0.6879948272685,
        "(10, 3)": 0.6879948272685,
        "(3, 11)": 0.29050851783802745,
        "(11, 3)": 0.29050851783802745,
        "(3, 12)": 0.22043588572139639,
        "(12, 3)": 0.22043588572139639,
        "(3, 13)": 0.8880835743277926,
        "(13, 3)": 0.8880835743277926,
        "(3, 14)": 0.6206200397484091,
        "(14, 3)": 0.6206200397484091,
        "(3, 15)": 0.9167318862990027,
        "(15, 3)": 0.9167318862990027,
        "(3, 16)": 0.6440099810233982,
        "(16, 3)": 0.6440099810233982,
        "(3, 17)": 0.48726927268175096,
        "(17, 3)": 0.48726927268175096,
        "(3, 18)": 0.7089574713987657,
        "(18, 3)": 0.7089574713987657,
        "(3, 19)": 0.8167880339244776,
        "(19, 3)": 0.8167880339244776,
        "(3, 20)": 0.9262518852048709,
        "(20, 3)": 0.9262518852048709,
        "(3, 21)": 0.17479698483871764,
        "(21, 3)": 0.17479698483871764,
        "(3, 22)": 0.5636094135381087,
        "(22, 3)": 0.5636094135381087,
        "(3, 23)": 0.8361427352240474,
        "(23, 3)": 0.8361427352240474,
        "(3, 24)": 0.9910146776284106,
        "(24, 3)": 0.9910146776284106,
        "(3, 25)": 0.876466804231202,
        "(25, 3)": 0.876466804231202,
        "(3, 26)": 0.39040560091232995,
        "(26, 3)": 0.39040560091232995,
        "(3, 27)": 0.7122086002573891,
        "(27, 3)": 0.7122086002573891,
        "(3, 28)": 0.7348467716385503,
        "(28, 3)": 0.7348467716385503,
        "(4, 5)": 0.5022101388218017,
        "(5, 4)": 0.5022101388218017,
        "(4, 6)": 1.0579824077930007,
        "(6, 4)": 1.0579824077930007,
        "(4, 7)": 0.38619274104229323,
        "(7, 4)": 0.38619274104229323,
        "(4, 8)": 0.424237501718268,
        "(8, 4)": 0.424237501718268,
        "(4, 9)": 0.5341454424909602,
        "(9, 4)": 0.5341454424909602,
        "(4, 10)": 0.3603253002675921,
        "(10, 4)": 0.3603253002675921,
        "(4, 11)": 0.3691173420307976,
        "(11, 4)": 0.3691173420307976,
        "(4, 12)": 0.3038495605686743,
        "(12, 4)": 0.3038495605686743,
        "(4, 13)": 0.7560747876233628,
        "(13, 4)": 0.7560747876233628,
        "(4, 14)": 0.792308834238241,
        "(14, 4)": 0.792308834238241,
        "(4, 15)": 0.4602408394747613,
        "(15, 4)": 0.4602408394747613,
        "(4, 16)": 0.5390493047014259,
        "(16, 4)": 0.5390493047014259,
        "(4, 17)": 0.546325373000084,
        "(17, 4)": 0.546325373000084,
        "(4, 18)": 0.5618167174175465,
        "(18, 4)": 0.5618167174175465,
        "(4, 19)": 0.906917542184202,
        "(19, 4)": 0.906917542184202,
        "(4, 20)": 0.4810248280968964,
        "(20, 4)": 0.4810248280968964,
        "(4, 21)": 0.436180872064332,
        "(21, 4)": 0.436180872064332,
        "(4, 22)": 0.36795828660590274,
        "(22, 4)": 0.36795828660590274,
        "(4, 23)": 0.6326449368801255,
        "(23, 4)": 0.6326449368801255,
        "(4, 24)": 0.5433652349288159,
        "(24, 4)": 0.5433652349288159,
        "(4, 25)": 0.40627647573752174,
        "(25, 4)": 0.40627647573752174,
        "(4, 26)": 0.7315322825762811,
        "(26, 4)": 0.7315322825762811,
        "(4, 27)": 0.23893901251135596,
        "(27, 4)": 0.23893901251135596,
        "(4, 28)": 0.4190340651154783,
        "(28, 4)": 0.4190340651154783,
        "(5, 6)": 0.5896718750795991,
        "(6, 5)": 0.5896718750795991,
        "(5, 7)": 0.23855580476792765,
        "(7, 5)": 0.23855580476792765,
        "(5, 8)": 0.3846656736252327,
        "(8, 5)": 0.3846656736252327,
        "(5, 9)": 0.06088336346013317,
        "(9, 5)": 0.06088336346013317,
        "(5, 10)": 0.2058680115548807,
        "(10, 5)": 0.2058680115548807,
        "(5, 11)": 0.37450562458868036,
        "(11, 5)": 0.37450562458868036,
        "(5, 12)": 0.5227607252271664,
        "(12, 5)": 0.5227607252271664,
        "(5, 13)": 0.2602615402821564,
        "(13, 5)": 0.2602615402821564,
        "(5, 14)": 0.42985242683350866,
        "(14, 5)": 0.42985242683350866,
        "(5, 15)": 0.4613533969152877,
        "(15, 5)": 0.4613533969152877,
        "(5, 16)": 0.06517493527592526,
        "(16, 5)": 0.06517493527592526,
        "(5, 17)": 0.24339870583328252,
        "(17, 5)": 0.24339870583328252,
        "(5, 18)": 0.06028367133505728,
        "(18, 5)": 0.06028367133505728,
        "(5, 19)": 0.45370743975073385,
        "(19, 5)": 0.45370743975073385,
        "(5, 20)": 0.4476014209077041,
        "(20, 5)": 0.4476014209077041,
        "(5, 21)": 0.48856735508533483,
        "(21, 5)": 0.48856735508533483,
        "(5, 22)": 0.1379838567442076,
        "(22, 5)": 0.1379838567442076,
        "(5, 23)": 0.17345396753607667,
        "(23, 5)": 0.17345396753607667,
        "(5, 24)": 0.4938322117413477,
        "(24, 5)": 0.4938322117413477,
        "(5, 25)": 0.464830588224617,
        "(25, 5)": 0.464830588224617,
        "(5, 26)": 0.5584941320602824,
        "(26, 5)": 0.5584941320602824,
        "(5, 27)": 0.4127152786733263,
        "(27, 5)": 0.4127152786733263,
        "(5, 28)": 0.18993210704489283,
        "(28, 5)": 0.18993210704489283,
        "(6, 7)": 0.6846109250759375,
        "(7, 6)": 0.6846109250759375,
        "(6, 8)": 0.7370744716497961,
        "(8, 6)": 0.7370744716497961,
        "(6, 9)": 0.5393491357173775,
        "(9, 6)": 0.5393491357173775,
        "(6, 10)": 0.6994600883586409,
        "(10, 6)": 0.6994600883586409,
        "(6, 11)": 0.9524685972801138,
        "(11, 6)": 0.9524685972801138,
        "(6, 12)": 1.1110659616836833,
        "(12, 6)": 1.1110659616836833,
        "(6, 13)": 0.3412391803147499,
        "(13, 6)": 0.3412391803147499,
        "(6, 14)": 0.7447259420028571,
        "(14, 6)": 0.7447259420028571,
        "(6, 15)": 0.776101701999155,
        "(15, 6)": 0.776101701999155,
        "(6, 16)": 0.5902245502897181,
        "(16, 6)": 0.5902245502897181,
        "(6, 17)": 0.7470502258910731,
        "(17, 6)": 0.7470502258910731,
        "(6, 18)": 0.5332758224407812,
        "(18, 6)": 0.5332758224407812,
        "(6, 19)": 0.5768068430971169,
        "(19, 6)": 0.5768068430971169,
        "(6, 20)": 0.7449407010862508,
        "(20, 6)": 0.7449407010862508,
        "(6, 21)": 1.0558592574333094,
        "(21, 6)": 1.0558592574333094,
        "(6, 22)": 0.7225636344281601,
        "(22, 6)": 0.7225636344281601,
        "(6, 23)": 0.42895573137104986,
        "(23, 6)": 0.42895573137104986,
        "(6, 24)": 0.7365212090034863,
        "(24, 6)": 0.7365212090034863,
        "(6, 25)": 0.8219926421499858,
        "(25, 6)": 0.8219926421499858,
        "(6, 26)": 1.0027934903418936,
        "(26, 6)": 1.0027934903418936,
        "(6, 27)": 0.8854041842827437,
        "(27, 6)": 0.8854041842827437,
        "(6, 28)": 0.642631741032544,
        "(28, 6)": 0.642631741032544,
        "(7, 8)": 0.15090286745510842,
        "(8, 7)": 0.15090286745510842,
        "(7, 9)": 0.22577058336043454,
        "(9, 7)": 0.22577058336043454,
        "(7, 10)": 0.05341650810614923,
        "(10, 7)": 0.05341650810614923,
        "(7, 11)": 0.461837544651844,
        "(11, 7)": 0.461837544651844,
        "(7, 12)": 0.5456651940333463,
        "(12, 7)": 0.5456651940333463,
        "(7, 13)": 0.42367954087732324,
        "(13, 7)": 0.42367954087732324,
        "(7, 14)": 0.6626849055014874,
        "(14, 7)": 0.6626849055014874,
        "(7, 15)": 0.22848770829141868,
        "(15, 7)": 0.22848770829141868,
        "(7, 16)": 0.3028752251829759,
        "(16, 7)": 0.3028752251829759,
        "(7, 17)": 0.44538113622329795,
        "(17, 7)": 0.44538113622329795,
        "(7, 18)": 0.2758989706351724,
        "(18, 7)": 0.2758989706351724,
        "(7, 19)": 0.6892714309292542,
        "(19, 7)": 0.6892714309292542,
        "(7, 20)": 0.22067090362942504,
        "(20, 7)": 0.22067090362942504,
        "(7, 21)": 0.580864399667973,
        "(21, 7)": 0.580864399667973,
        "(7, 22)": 0.20626314806987128,
        "(22, 7)": 0.20626314806987128,
        "(7, 23)": 0.2811629364847611,
        "(23, 7)": 0.2811629364847611,
        "(7, 24)": 0.2769476479837209,
        "(24, 7)": 0.2769476479837209,
        "(7, 25)": 0.2264181801569413,
        "(25, 7)": 0.2264181801569413,
        "(7, 26)": 0.7468183169974273,
        "(26, 7)": 0.7468183169974273,
        "(7, 27)": 0.2052960667216643,
        "(27, 7)": 0.2052960667216643,
        "(7, 28)": 0.05299622442068179,
        "(28, 7)": 0.05299622442068179,
        "(8, 9)": 0.36159787403290394,
        "(9, 8)": 0.36159787403290394,
        "(8, 10)": 0.1994720111060549,
        "(10, 8)": 0.1994720111060549,
        "(8, 11)": 0.5913550318059917,
        "(11, 8)": 0.5913550318059917,
        "(8, 12)": 0.6472391189416211,
        "(12, 8)": 0.6472391189416211,
        "(8, 13)": 0.5302333728631251,
        "(13, 8)": 0.5302333728631251,
        "(8, 14)": 0.8122722280835435,
        "(14, 8)": 0.8122722280835435,
        "(8, 15)": 0.07760640862460944,
        "(15, 8)": 0.07760640862460944,
        "(8, 16)": 0.44974585207957696,
        "(16, 8)": 0.44974585207957696,
        "(8, 17)": 0.5959769432667283,
        "(17, 8)": 0.5959769432667283,
        "(8, 18)": 0.414340852931763,
        "(18, 8)": 0.414340852931763,
        "(8, 19)": 0.8277137230711034,
        "(19, 8)": 0.8277137230711034,
        "(8, 20)": 0.07362044788716995,
        "(20, 8)": 0.07362044788716995,
        "(8, 21)": 0.7067577658175591,
        "(21, 8)": 0.7067577658175591,
        "(8, 22)": 0.3534591564290249,
        "(22, 8)": 0.3534591564290249,
        "(8, 23)": 0.38579029018995065,
        "(23, 8)": 0.38579029018995065,
        "(8, 24)": 0.13683013619282594,
        "(24, 8)": 0.13683013619282594,
        "(8, 25)": 0.09071183586442615,
        "(25, 8)": 0.09071183586442615,
        "(8, 26)": 0.8943194808804729,
        "(26, 8)": 0.8943194808804729,
        "(8, 27)": 0.1887319780526538,
        "(27, 8)": 0.1887319780526538,
        "(8, 28)": 0.19485611932375912,
        "(28, 8)": 0.19485611932375912,
        "(9, 10)": 0.20592484936363453,
        "(10, 9)": 0.20592484936363453,
        "(9, 11)": 0.43378380903744956,
        "(11, 9)": 0.43378380903744956,
        "(9, 12)": 0.5777302063693456,
        "(12, 9)": 0.5777302063693456,
        "(9, 13)": 0.22197422088302818,
        "(13, 9)": 0.22197422088302818,
        "(9, 14)": 0.4674854291822048,
        "(14, 9)": 0.4674854291822048,
        "(9, 15)": 0.43594841812053287,
        "(15, 9)": 0.43594841812053287,
        "(9, 16)": 0.10911993640435666,
        "(16, 9)": 0.10911993640435666,
        "(9, 17)": 0.2994334106897566,
        "(17, 9)": 0.2994334106897566,
        "(9, 18)": 0.05329056825307907,
        "(18, 9)": 0.05329056825307907,
        "(9, 19)": 0.4662750039939947,
        "(19, 9)": 0.4662750039939947,
        "(9, 20)": 0.41872223093529837,
        "(20, 9)": 0.41872223093529837,
        "(9, 21)": 0.5487749761125046,
        "(21, 9)": 0.5487749761125046,
        "(9, 22)": 0.1832304409576487,
        "(22, 9)": 0.1832304409576487,
        "(9, 23)": 0.11527786485654187,
        "(23, 9)": 0.11527786485654187,
        "(9, 24)": 0.45941485688179123,
        "(24, 9)": 0.45941485688179123,
        "(9, 25)": 0.44687570396693654,
        "(25, 9)": 0.44687570396693654,
        "(9, 26)": 0.6138967991864208,
        "(26, 9)": 0.6138967991864208,
        "(9, 27)": 0.41777001127710595,
        "(27, 9)": 0.41777001127710595,
        "(9, 28)": 0.17315640797551177,
        "(28, 9)": 0.17315640797551177,
        "(10, 11)": 0.40885316929853266,
        "(11, 10)": 0.40885316929853266,
        "(10, 12)": 0.4976721178208608,
        "(12, 10)": 0.4976721178208608,
        "(10, 13)": 0.41814250608016723,
        "(13, 10)": 0.41814250608016723,
        "(10, 14)": 0.6208061566270339,
        "(14, 10)": 0.6208061566270339,
        "(10, 15)": 0.2763881859600435,
        "(15, 10)": 0.2763881859600435,
        "(10, 16)": 0.2676012954005294,
        "(16, 10)": 0.2676012954005294,
        "(10, 17)": 0.39730475847076013,
        "(17, 10)": 0.39730475847076013,
        "(10, 18)": 0.2513442549174372,
        "(18, 10)": 0.2513442549174372,
        "(10, 19)": 0.6595738180026361,
        "(19, 10)": 0.6595738180026361,
        "(10, 20)": 0.271176949521118,
        "(20, 10)": 0.271176949521118,
        "(10, 21)": 0.5281459073829661,
        "(21, 10)": 0.5281459073829661,
        "(10, 22)": 0.1543624503675849,
        "(22, 10)": 0.1543624503675849,
        "(10, 23)": 0.2814755940478697,
        "(23, 10)": 0.2814755940478697,
        "(10, 24)": 0.32911326730185303,
        "(24, 10)": 0.32911326730185303,
        "(10, 25)": 0.26734451847016666,
        "(25, 10)": 0.26734451847016666,
        "(10, 26)": 0.6954040908777163,
        "(26, 10)": 0.6954040908777163,
        "(10, 27)": 0.21185428603653186,
        "(27, 10)": 0.21185428603653186,
        "(10, 28)": 0.05932364382032878,
        "(28, 10)": 0.05932364382032878,
        "(11, 12)": 0.17744665068187485,
        "(12, 11)": 0.17744665068187485,
        "(11, 13)": 0.6118695289848584,
        "(13, 11)": 0.6118695289848584,
        "(11, 14)": 0.45875752864611635,
        "(14, 11)": 0.45875752864611635,
        "(11, 15)": 0.6605659269995566,
        "(15, 11)": 0.6605659269995566,
        "(11, 16)": 0.3623860891799119,
        "(16, 11)": 0.3623860891799119,
        "(11, 17)": 0.24415847303348193,
        "(17, 11)": 0.24415847303348193,
        "(11, 18)": 0.4236550403245955,
        "(18, 11)": 0.4236550403245955,
        "(11, 19)": 0.6179270238013153,
        "(19, 11)": 0.6179270238013153,
        "(11, 20)": 0.664797158448807,
        "(20, 11)": 0.664797158448807,
        "(11, 21)": 0.12036311343049524,
        "(21, 11)": 0.12036311343049524,
        "(11, 22)": 0.2744678854919657,
        "(22, 11)": 0.2744678854919657,
        "(11, 23)": 0.5479576503886036,
        "(23, 11)": 0.5479576503886036,
        "(11, 24)": 0.7278234033638387,
        "(24, 11)": 0.7278234033638387,
        "(11, 25)": 0.629390466799171,
        "(25, 11)": 0.629390466799171,
        "(11, 26)": 0.3627451729186093,
        "(26, 11)": 0.3627451729186093,
        "(11, 27)": 0.48143898159995707,
        "(27, 11)": 0.48143898159995707,
        "(11, 28)": 0.4506902346695318,
        "(28, 11)": 0.4506902346695318,
        "(12, 13)": 0.7737502292386147,
        "(13, 12)": 0.7737502292386147,
        "(12, 14)": 0.6276985225380288,
        "(14, 12)": 0.6276985225380288,
        "(12, 15)": 0.7049577121683099,
        "(15, 12)": 0.7049577121683099,
        "(12, 16)": 0.5234010947036355,
        "(16, 12)": 0.5234010947036355,
        "(12, 17)": 0.4216020083295188,
        "(17, 12)": 0.4216020083295188,
        "(12, 18)": 0.5778288685924954,
        "(18, 12)": 0.5778288685924954,
        "(12, 19)": 0.7944274190184457,
        "(19, 12)": 0.7944274190184457,
        "(12, 20)": 0.7169113332325906,
        "(20, 12)": 0.7169113332325906,
        "(12, 21)": 0.16008534004154248,
        "(21, 12)": 0.16008534004154248,
        "(12, 22)": 0.39942382724985254,
        "(22, 12)": 0.39942382724985254,
        "(12, 23)": 0.6928788523160625,
        "(23, 12)": 0.6928788523160625,
        "(12, 24)": 0.7819829840137533,
        "(24, 12)": 0.7819829840137533,
        "(12, 25)": 0.6616783686323383,
        "(25, 12)": 0.6616783686323383,
        "(12, 26)": 0.4803384258186908,
        "(26, 12)": 0.4803384258186908,
        "(12, 27)": 0.4948663249888223,
        "(27, 12)": 0.4948663249888223,
        "(12, 28)": 0.5505706111897516,
        "(28, 12)": 0.5505706111897516,
        "(13, 14)": 0.45992572780146107,
        "(14, 13)": 0.45992572780146107,
        "(13, 15)": 0.5938255740147583,
        "(15, 13)": 0.5938255740147583,
        "(13, 16)": 0.25056562051629006,
        "(16, 13)": 0.25056562051629006,
        "(13, 17)": 0.40942303894473786,
        "(17, 13)": 0.40942303894473786,
        "(13, 18)": 0.20049298993640485,
        "(18, 13)": 0.20049298993640485,
        "(13, 19)": 0.360606931323255,
        "(19, 13)": 0.360606931323255,
        "(13, 20)": 0.5689140566504081,
        "(20, 13)": 0.5689140566504081,
        "(13, 21)": 0.7146586863723787,
        "(21, 13)": 0.7146586863723787,
        "(13, 22)": 0.3979947543621517,
        "(22, 13)": 0.3979947543621517,
        "(13, 23)": 0.14500619521639777,
        "(23, 13)": 0.14500619521639777,
        "(13, 24)": 0.5902063611750084,
        "(24, 13)": 0.5902063611750084,
        "(13, 25)": 0.6208183418548131,
        "(25, 13)": 0.6208183418548131,
        "(13, 26)": 0.6874044676599192,
        "(26, 13)": 0.6874044676599192,
        "(13, 27)": 0.6269281682893304,
        "(27, 13)": 0.6269281682893304,
        "(13, 28)": 0.37215782685874804,
        "(28, 13)": 0.37215782685874804,
        "(14, 15)": 0.8895901861564272,
        "(15, 14)": 0.8895901861564272,
        "(14, 16)": 0.3649915051401191,
        "(16, 14)": 0.3649915051401191,
        "(14, 17)": 0.24794030941609116,
        "(17, 14)": 0.24794030941609116,
        "(14, 18)": 0.41610760077134834,
        "(18, 14)": 0.41610760077134834,
        "(14, 19)": 0.20667146456649932,
        "(19, 14)": 0.20667146456649932,
        "(14, 20)": 0.8771014445980121,
        "(20, 14)": 0.8771014445980121,
        "(14, 21)": 0.48926208130037757,
        "(21, 14)": 0.48926208130037757,
        "(14, 22)": 0.48390603368586305,
        "(22, 14)": 0.48390603368586305,
        "(14, 23)": 0.518381454290486,
        "(23, 14)": 0.518381454290486,
        "(14, 24)": 0.923493632280806,
        "(24, 14)": 0.923493632280806,
        "(14, 25)": 0.8877563461440588,
        "(25, 14)": 0.8877563461440588,
        "(14, 26)": 0.2783834734949398,
        "(26, 14)": 0.2783834734949398,
        "(14, 27)": 0.8022182484349688,
        "(27, 14)": 0.8022182484349688,
        "(14, 28)": 0.6177842741171838,
        "(28, 14)": 0.6177842741171838,
        "(15, 16)": 0.5265025395371702,
        "(16, 15)": 0.5265025395371702,
        "(15, 17)": 0.6733402925664694,
        "(17, 15)": 0.6733402925664694,
        "(15, 18)": 0.48901281584642114,
        "(18, 15)": 0.48901281584642114,
        "(15, 19)": 0.9011948238454373,
        "(19, 15)": 0.9011948238454373,
        "(15, 20)": 0.03209443158631737,
        "(20, 15)": 0.03209443158631737,
        "(15, 21)": 0.7739377032324382,
        "(21, 15)": 0.7739377032324382,
        "(15, 22)": 0.429823349355562,
        "(22, 15)": 0.429823349355562,
        "(15, 23)": 0.451097652009559,
        "(23, 15)": 0.451097652009559,
        "(15, 24)": 0.08348169795727087,
        "(24, 15)": 0.08348169795727087,
        "(15, 25)": 0.0596601219814607,
        "(25, 15)": 0.0596601219814607,
        "(15, 26)": 0.9701540237892137,
        "(26, 15)": 0.9701540237892137,
        "(15, 27)": 0.22176340985832188,
        "(27, 15)": 0.22176340985832188,
        "(15, 28)": 0.271888468078267,
        "(28, 15)": 0.271888468078267,
        "(16, 17)": 0.19320419710194447,
        "(17, 16)": 0.19320419710194447,
        "(16, 18)": 0.06999229688847725,
        "(18, 16)": 0.06999229688847725,
        "(16, 19)": 0.3938876536724005,
        "(19, 16)": 0.3938876536724005,
        "(16, 20)": 0.5127439195726535,
        "(20, 16)": 0.5127439195726535,
        "(16, 21)": 0.46938123895767864,
        "(21, 16)": 0.46938123895767864,
        "(16, 22)": 0.17158498268284006,
        "(22, 16)": 0.17158498268284006,
        "(16, 23)": 0.20140074742753272,
        "(23, 16)": 0.20140074742753272,
        "(16, 24)": 0.5585118122279051,
        "(24, 16)": 0.5585118122279051,
        "(16, 25)": 0.5292862235358353,
        "(25, 16)": 0.5292862235358353,
        "(16, 26)": 0.5060354266542383,
        "(26, 16)": 0.5060354266542383,
        "(16, 27)": 0.4700722097517558,
        "(27, 16)": 0.4700722097517558,
        "(16, 28)": 0.2549363695552254,
        "(28, 16)": 0.2549363695552254,
        "(17, 18)": 0.2627708875466717,
        "(18, 17)": 0.2627708875466717,
        "(17, 19)": 0.3769040707642346,
        "(19, 17)": 0.3769040707642346,
        "(17, 20)": 0.665828355670341,
        "(20, 17)": 0.665828355670341,
        "(17, 21)": 0.3201548336637629,
        "(21, 17)": 0.3201548336637629,
        "(17, 22)": 0.2480545484092292,
        "(22, 17)": 0.2480545484092292,
        "(17, 23)": 0.3929707234919565,
        "(23, 17)": 0.3929707234919565,
        "(17, 24)": 0.7193333954783372,
        "(24, 17)": 0.7193333954783372,
        "(17, 25)": 0.6628142173083188,
        "(25, 17)": 0.6628142173083188,
        "(17, 26)": 0.31509587412143986,
        "(26, 17)": 0.31509587412143986,
        "(17, 27)": 0.56112705432093,
        "(27, 17)": 0.56112705432093,
        "(17, 28)": 0.40854672503340916,
        "(28, 17)": 0.40854672503340916,
        "(18, 19)": 0.4141022525594336,
        "(19, 18)": 0.4141022525594336,
        "(18, 20)": 0.4719850969514494,
        "(20, 18)": 0.4719850969514494,
        "(18, 21)": 0.5341606425910567,
        "(21, 18)": 0.5341606425910567,
        "(18, 22)": 0.19823368925491233,
        "(22, 18)": 0.19823368925491233,
        "(18, 23)": 0.13156110887621464,
        "(23, 18)": 0.13156110887621464,
        "(18, 24)": 0.5125463917051287,
        "(24, 18)": 0.5125463917051287,
        "(18, 25)": 0.49890427058689857,
        "(25, 18)": 0.49890427058689857,
        "(18, 26)": 0.5741217840032019,
        "(26, 18)": 0.5741217840032019,
        "(18, 27)": 0.46213868016063026,
        "(27, 18)": 0.46213868016063026,
        "(18, 28)": 0.22393240566567663,
        "(28, 18)": 0.22393240566567663,
        "(19, 20)": 0.8822115943293182,
        "(20, 19)": 0.8822115943293182,
        "(19, 21)": 0.6718611432368646,
        "(21, 19)": 0.6718611432368646,
        "(19, 22)": 0.5551496281513305,
        "(22, 19)": 0.5551496281513305,
        "(19, 23)": 0.46934512107567994,
        "(23, 19)": 0.46934512107567994,
        "(19, 24)": 0.916964686939756,
        "(24, 19)": 0.916964686939756,
        "(19, 25)": 0.912991001964322,
        "(25, 19)": 0.912991001964322,
        "(19, 26)": 0.484607359227257,
        "(26, 19)": 0.484607359227257,
        "(19, 27)": 0.8639128533147691,
        "(27, 19)": 0.8639128533147691,
        "(19, 28)": 0.6378376437320803,
        "(28, 19)": 0.6378376437320803,
        "(20, 21)": 0.7798433910977397,
        "(21, 20)": 0.7798433910977397,
        "(20, 22)": 0.4255174400421024,
        "(22, 20)": 0.4255174400421024,
        "(20, 23)": 0.42736926375877365,
        "(23, 20)": 0.42736926375877365,
        "(20, 24)": 0.06508083542518321,
        "(24, 20)": 0.06508083542518321,
        "(20, 25)": 0.08935887732861701,
        "(25, 20)": 0.08935887732861701,
        "(20, 26)": 0.9665645422639733,
        "(26, 20)": 0.9665645422639733,
        "(20, 27)": 0.24210442482606875,
        "(27, 20)": 0.24210442482606875,
        "(20, 28)": 0.2599401626262562,
        "(28, 20)": 0.2599401626262562,
        "(21, 22)": 0.3945931116755326,
        "(22, 21)": 0.3945931116755326,
        "(21, 23)": 0.6615681134252005,
        "(23, 21)": 0.6615681134252005,
        "(21, 24)": 0.8435436045288721,
        "(24, 21)": 0.8435436045288721,
        "(21, 25)": 0.7395901793766693,
        "(25, 21)": 0.7395901793766693,
        "(21, 26)": 0.32032523782100286,
        "(26, 21)": 0.32032523782100286,
        "(21, 27)": 0.5845029013445728,
        "(27, 21)": 0.5845029013445728,
        "(21, 28)": 0.5709159932802316,
        "(28, 21)": 0.5709159932802316,
        "(22, 23)": 0.29639926514471576,
        "(23, 22)": 0.29639926514471576,
        "(22, 24)": 0.4831549230700591,
        "(24, 22)": 0.4831549230700591,
        "(22, 25)": 0.41558655124300126,
        "(25, 22)": 0.41558655124300126,
        "(22, 26)": 0.5410481898241549,
        "(26, 22)": 0.5410481898241549,
        "(22, 27)": 0.31869281115387577,
        "(27, 22)": 0.31869281115387577,
        "(22, 28)": 0.18197832189748703,
        "(28, 22)": 0.18197832189748703,
        "(23, 24)": 0.4534533858423403,
        "(24, 23)": 0.4534533858423403,
        "(23, 25)": 0.47623397789793276,
        "(25, 23)": 0.47623397789793276,
        "(23, 26)": 0.7008514813888743,
        "(26, 23)": 0.7008514813888743,
        "(23, 27)": 0.48592801079798476,
        "(27, 23)": 0.48592801079798476,
        "(23, 28)": 0.23104331536063955,
        "(28, 23)": 0.23104331536063955,
        "(24, 25)": 0.1414581856740738,
        "(25, 24)": 0.1414581856740738,
        "(24, 26)": 1.0236862061176575,
        "(26, 24)": 1.0236862061176575,
        "(24, 27)": 0.304589772404666,
        "(27, 24)": 0.304589772404666,
        "(24, 28)": 0.3109325990194618,
        "(28, 24)": 0.3109325990194618,
        "(25, 26)": 0.9512281765188247,
        "(26, 25)": 0.9512281765188247,
        "(25, 27)": 0.1703240429434246,
        "(27, 25)": 0.1703240429434246,
        "(25, 28)": 0.275796809885084,
        "(28, 25)": 0.275796809885084,
        "(26, 27)": 0.8237395316315832,
        "(27, 26)": 0.8237395316315832,
        "(26, 28)": 0.7158621583598691,
        "(28, 26)": 0.7158621583598691,
        "(27, 28)": 0.2550531592409341,
        "(28, 27)": 0.2550531592409341
    },
    "statistics": {
        "avg_distance": 0.47,
        "min_distance": 0.017624302709854232,
        "max_distance": 1.2290650854561065
    }
}