{
    "instance_id": "LARGE_01",
    "group": "Large",
    "group_key": "large",
    "instance_number_in_group": 1,
    "parameters": {
        "I_range": [
            22,
            30
        ],
        "p_range": [
            13,
            20
        ]
    },
    "I": 29,
    "p": 16,
    "facilities": [
        [
            0.6546014782354334,
            0.0363712560643108
        ],
        [
            0.5537240629054236,
            0.08769508585418573
        ],
        [
            0.31331498400883084,
            0.5421358769299501
        ],
        [
            0.2834455479528831,
            0.6228912204182312
        ],
        [
            0.33965159773750564,
            0.08075276771241813
        ],
        [
            0.36803837004936835,
            0.5828664655188845
        ],
        [
            0.15937500858893572,
            0.6158580909557501
        ],
        [
            0.42561752847863754,
            0.25914340604955344
        ],
        [
            0.3160143791163249,
            0.2970511102530752
        ],
        [
            0.27881111524319746,
            0.5460604952799271
        ],
        [
            0.11538657901688443,
            0.7683453082404099
        ],
        [
            0.1285437480689331,
            0.6014639816889165
        ],
        [
            0.6283090844348844,
            0.48643911330936107
        ],
        [
            0.5727231450222854,
            0.6209911865238811
        ],
        [
            0.19603300140562108,
            0.5520146505236774
        ],
        [
            0.9003733511211424,
            0.9561144740474039
        ],
        [
            0.41862679404289405,
            0.9767282198070666
        ],
        [
            0.7547238448829481,
            0.4192187243655586
        ],
        [
            0.4118800939648515,
            0.6942622697965923
        ],
        [
            0.9445716101216721,
            0.26982393519594905
        ],
        [
            0.2238962589966802,
            0.021550365158693685
        ],
        [
            0.9977343495080147,
            0.04125367223112819
        ],
        [
            0.8339361225642113,
            0.33745419713249636
        ],
        [
            0.17953561517702166,
            0.13917182591891797
        ],
        [
            0.9982608689118603,
            0.7015598307074128
        ],
        [
            0.7588048268589425,
            0.573911549789328
        ],
        [
            0.03184840762335439,
            0.5843014072328209
        ],
        [
            0.222476043251002,
            0.05045702423826226
        ],
        [
            0.36717360909439467,
            0.14943355670229974
        ]
    ],
    "distanceMatrix": {
        "(0, 1)": 0.11318298647748844,
        "(1, 0)": 0.11318298647748844,
        "(0, 2)": 0.6101428708596444,
        "(2, 0)": 0.6101428708596444,
        "(0, 3)": 0.6940910553880012,
        "(3, 0)": 0.6940910553880012,
        "(0, 4)": 0.3180615440474218,
        "(4, 0)": 0.3180615440474218,
        "(0, 5)": 0.6170700356767106,
        "(5, 0)": 0.6170700356767106,
        "(0, 6)": 0.7622691441026795,
        "(6, 0)": 0.7622691441026795,
        "(0, 7)": 0.31946999867792003,
        "(7, 0)": 0.31946999867792003,
        "(0, 8)": 0.4273116076936928,
        "(8, 0)": 0.4273116076936928,
        "(0, 9)": 0.6332468061427788,
        "(9, 0)": 0.6332468061427788,
        "(0, 10)": 0.9091417494529489,
        "(10, 0)": 0.9091417494529489,
        "(0, 11)": 0.7720534463505595,
        "(11, 0)": 0.7720534463505595,
        "(0, 12)": 0.45083518728789806,
        "(12, 0)": 0.45083518728789806,
        "(0, 13)": 0.5903257783125484,
        "(13, 0)": 0.5903257783125484,
        "(0, 14)": 0.6900530111459495,
        "(14, 0)": 0.6900530111459495,
        "(0, 15)": 0.9520143909246565,
        "(15, 0)": 0.9520143909246565,
        "(0, 16)": 0.9695129039054937,
        "(16, 0)": 0.9695129039054937,
        "(0, 17)": 0.39572297417230445,
        "(17, 0)": 0.39572297417230445,
        "(0, 18)": 0.7012376603776472,
        "(18, 0)": 0.7012376603776472,
        "(0, 19)": 0.37226714974580066,
        "(19, 0)": 0.37226714974580066,
        "(0, 20)": 0.4309601428052699,
        "(20, 0)": 0.4309601428052699,
        "(0, 21)": 0.3431676053117366,
        "(21, 0)": 0.3431676053117366,
        "(0, 22)": 0.3504452197687932,
        "(22, 0)": 0.3504452197687932,
        "(0, 23)": 0.4860612424436509,
        "(23, 0)": 0.4860612424436509,
        "(0, 24)": 0.7487173142353626,
        "(24, 0)": 0.7487173142353626,
        "(0, 25)": 0.5475471717051695,
        "(25, 0)": 0.5475471717051695,
        "(0, 26)": 0.8294870930378117,
        "(26, 0)": 0.8294870930378117,
        "(0, 27)": 0.4323549472661719,
        "(27, 0)": 0.4323549472661719,
        "(0, 28)": 0.30886544608374866,
        "(28, 0)": 0.30886544608374866,
        "(1, 2)": 0.5141137595994438,
        "(2, 1)": 0.5141137595994438,
        "(1, 3)": 0.599570995043328,
        "(3, 1)": 0.599570995043328,
        "(1, 4)": 0.2141850044336694,
        "(4, 1)": 0.2141850044336694,
        "(1, 5)": 0.5288420102171106,
        "(5, 1)": 0.5288420102171106,
        "(1, 6)": 0.6591413631370917,
        "(6, 1)": 0.6591413631370917,
        "(1, 7)": 0.21402292087684127,
        "(7, 1)": 0.21402292087684127,
        "(1, 8)": 0.31675832857120223,
        "(8, 1)": 0.31675832857120223,
        "(1, 9)": 0.5344866484303995,
        "(9, 1)": 0.5344866484303995,
        "(1, 10)": 0.809582901879821,
        "(10, 1)": 0.809582901879821,
        "(1, 11)": 0.6668858811308691,
        "(11, 1)": 0.6668858811308691,
        "(1, 12)": 0.4056596170038666,
        "(12, 1)": 0.4056596170038666,
        "(1, 13)": 0.5336344217821646,
        "(13, 1)": 0.5336344217821646,
        "(1, 14)": 0.5861190609523987,
        "(14, 1)": 0.5861190609523987,
        "(1, 15)": 0.9350497114112959,
        "(15, 1)": 0.9350497114112959,
        "(1, 16)": 0.8992392258571662,
        "(16, 1)": 0.8992392258571662,
        "(1, 17)": 0.3876968341975877,
        "(17, 1)": 0.3876968341975877,
        "(1, 18)": 0.6229313446605776,
        "(18, 1)": 0.6229313446605776,
        "(1, 19)": 0.4311991685144027,
        "(19, 1)": 0.4311991685144027,
        "(1, 20)": 0.3363948636753379,
        "(20, 1)": 0.3363948636753379,
        "(1, 21)": 0.44643245794657777,
        "(21, 1)": 0.44643245794657777,
        "(1, 22)": 0.37536437237003667,
        "(22, 1)": 0.37536437237003667,
        "(1, 23)": 0.3777126542506658,
        "(23, 1)": 0.3777126542506658,
        "(1, 24)": 0.7579201124578512,
        "(24, 1)": 0.7579201124578512,
        "(1, 25)": 0.5276974223410158,
        "(25, 1)": 0.5276974223410158,
        "(1, 26)": 0.7203971390901753,
        "(26, 1)": 0.7203971390901753,
        "(1, 27)": 0.33333455230126896,
        "(27, 1)": 0.33333455230126896,
        "(1, 28)": 0.19650117200608316,
        "(28, 1)": 0.19650117200608316,
        "(2, 3)": 0.08610231537078784,
        "(3, 2)": 0.08610231537078784,
        "(2, 4)": 0.46213416958057807,
        "(4, 2)": 0.46213416958057807,
        "(2, 5)": 0.06821751847247692,
        "(5, 2)": 0.06821751847247692,
        "(2, 6)": 0.1706823976663785,
        "(6, 2)": 0.1706823976663785,
        "(2, 7)": 0.3044611634829393,
        "(7, 2)": 0.3044611634829393,
        "(2, 8)": 0.24509963196831733,
        "(8, 2)": 0.24509963196831733,
        "(2, 9)": 0.03472635294684753,
        "(9, 2)": 0.03472635294684753,
        "(2, 10)": 0.30057671286454907,
        "(10, 2)": 0.30057671286454907,
        "(2, 11)": 0.19406244779721873,
        "(11, 2)": 0.19406244779721873,
        "(2, 12)": 0.3198803100864861,
        "(12, 2)": 0.3198803100864861,
        "(2, 13)": 0.2711286665986042,
        "(13, 2)": 0.2711286665986042,
        "(2, 14)": 0.11769729653248506,
        "(14, 2)": 0.11769729653248506,
        "(2, 15)": 0.71834240113466,
        "(15, 2)": 0.71834240113466,
        "(2, 16)": 0.4471700815350595,
        "(16, 2)": 0.4471700815350595,
        "(2, 17)": 0.45820345792314104,
        "(17, 2)": 0.45820345792314104,
        "(2, 18)": 0.18126643458527672,
        "(18, 2)": 0.18126643458527672,
        "(2, 19)": 0.6874872519707617,
        "(19, 2)": 0.6874872519707617,
        "(2, 20)": 0.5282092231767064,
        "(20, 2)": 0.5282092231767064,
        "(2, 21)": 0.8481231342524845,
        "(21, 2)": 0.8481231342524845,
        "(2, 22)": 0.5594112619132797,
        "(22, 2)": 0.5594112619132797,
        "(2, 23)": 0.4245903271769848,
        "(23, 2)": 0.4245903271769848,
        "(2, 24)": 0.7032544790355996,
        "(24, 2)": 0.7032544790355996,
        "(2, 25)": 0.44662164464822274,
        "(25, 2)": 0.44662164464822274,
        "(2, 26)": 0.28460738846327155,
        "(26, 2)": 0.28460738846327155,
        "(2, 27)": 0.4999998073421817,
        "(27, 2)": 0.4999998073421817,
        "(2, 28)": 0.396378435094907,
        "(28, 2)": 0.396378435094907,
        "(3, 4)": 0.5450442385115584,
        "(4, 3)": 0.5450442385115584,
        "(3, 5)": 0.09358379429687798,
        "(5, 3)": 0.09358379429687798,
        "(3, 6)": 0.12426972136484753,
        "(6, 3)": 0.12426972136484753,
        "(3, 7)": 0.3905449327601186,
        "(7, 3)": 0.3905449327601186,
        "(3, 8)": 0.3274637478497334,
        "(8, 3)": 0.3274637478497334,
        "(3, 9)": 0.07697037281849584,
        "(9, 3)": 0.07697037281849584,
        "(3, 10)": 0.22226270200826106,
        "(10, 3)": 0.22226270200826106,
        "(3, 11)": 0.1563767699079705,
        "(11, 3)": 0.1563767699079705,
        "(3, 12)": 0.37087738719059593,
        "(12, 3)": 0.37087738719059593,
        "(3, 13)": 0.2892838369059826,
        "(13, 3)": 0.2892838369059826,
        "(3, 14)": 0.11253640057285832,
        "(14, 3)": 0.11253640057285832,
        "(3, 15)": 0.7011687750329634,
        "(15, 3)": 0.7011687750329634,
        "(3, 16)": 0.3787804000089534,
        "(16, 3)": 0.3787804000089534,
        "(3, 17)": 0.5134059980226452,
        "(17, 3)": 0.5134059980226452,
        "(3, 18)": 0.14693283941539032,
        "(18, 3)": 0.14693283941539032,
        "(3, 19)": 0.7494959492706026,
        "(19, 3)": 0.7494959492706026,
        "(3, 20)": 0.6042821708601549,
        "(20, 3)": 0.6042821708601549,
        "(3, 21)": 0.921146421307802,
        "(21, 3)": 0.921146421307802,
        "(3, 22)": 0.6200920633245772,
        "(22, 3)": 0.6200920633245772,
        "(3, 23)": 0.4947542084149121,
        "(23, 3)": 0.4947542084149121,
        "(3, 24)": 0.7191312073067867,
        "(24, 3)": 0.7191312073067867,
        "(3, 25)": 0.4778759799121573,
        "(25, 3)": 0.4778759799121573,
        "(3, 26)": 0.2545393775109884,
        "(26, 3)": 0.2545393775109884,
        "(3, 27)": 0.5756719460420143,
        "(27, 3)": 0.5756719460420143,
        "(3, 28)": 0.4808040635787771,
        "(28, 3)": 0.4808040635787771,
        "(4, 5)": 0.50291547437633,
        "(5, 4)": 0.50291547437633,
        "(4, 6)": 0.564656847614897,
        "(6, 4)": 0.564656847614897,
        "(4, 7)": 0.19802363771661124,
        "(7, 4)": 0.19802363771661124,
        "(4, 8)": 0.21758605444738618,
        "(8, 4)": 0.21758605444738618,
        "(4, 9)": 0.4692684153490189,
        "(9, 4)": 0.4692684153490189,
        "(4, 10)": 0.7232415228756564,
        "(10, 4)": 0.7232415228756564,
        "(4, 11)": 0.5618778270696996,
        "(11, 4)": 0.5618778270696996,
        "(4, 12)": 0.49790014624445494,
        "(12, 4)": 0.49790014624445494,
        "(4, 13)": 0.5883705425270974,
        "(13, 4)": 0.5883705425270974,
        "(4, 14)": 0.4926601906011423,
        "(14, 4)": 0.4926601906011423,
        "(4, 15)": 1.0395513463198043,
        "(15, 4)": 1.0395513463198043,
        "(4, 16)": 0.8994493273040368,
        "(16, 4)": 0.8994493273040368,
        "(4, 17)": 0.5355783548310115,
        "(17, 4)": 0.5355783548310115,
        "(4, 18)": 0.6177466024308309,
        "(18, 4)": 0.6177466024308309,
        "(4, 19)": 0.6337792421312373,
        "(19, 4)": 0.6337792421312373,
        "(4, 20)": 0.130016240966798,
        "(20, 4)": 0.130016240966798,
        "(4, 21)": 0.6592670829957199,
        "(21, 4)": 0.6592670829957199,
        "(4, 22)": 0.5569675173198825,
        "(22, 4)": 0.5569675173198825,
        "(4, 23)": 0.17044035388675896,
        "(23, 4)": 0.17044035388675896,
        "(4, 24)": 0.9050787709041053,
        "(24, 4)": 0.9050787709041053,
        "(4, 25)": 0.647220993032912,
        "(25, 4)": 0.647220993032912,
        "(4, 26)": 0.5901728867097309,
        "(26, 4)": 0.5901728867097309,
        "(4, 27)": 0.12102868520260575,
        "(27, 4)": 0.12102868520260575,
        "(4, 28)": 0.07398994448843284,
        "(28, 4)": 0.07398994448843284,
        "(5, 6)": 0.2112554041082348,
        "(6, 5)": 0.2112554041082348,
        "(5, 7)": 0.3288038605576385,
        "(7, 5)": 0.3288038605576385,
        "(5, 8)": 0.2905114678258368,
        "(8, 5)": 0.2905114678258368,
        "(5, 9)": 0.09652037321455181,
        "(9, 5)": 0.09652037321455181,
        "(5, 10)": 0.3134251563120584,
        "(10, 5)": 0.3134251563120584,
        "(5, 11)": 0.24021561474068703,
        "(11, 5)": 0.24021561474068703,
        "(5, 12)": 0.27755914508602736,
        "(12, 5)": 0.27755914508602736,
        "(5, 13)": 0.20820507068134173,
        "(13, 5)": 0.20820507068134173,
        "(5, 14)": 0.17475034000187206,
        "(14, 5)": 0.17475034000187206,
        "(5, 15)": 0.6501496811836422,
        "(15, 5)": 0.6501496811836422,
        "(5, 16)": 0.39709730562308404,
        "(16, 5)": 0.39709730562308404,
        "(5, 17)": 0.4198883656781371,
        "(17, 5)": 0.4198883656781371,
        "(5, 18)": 0.1197126641862039,
        "(18, 5)": 0.1197126641862039,
        "(5, 19)": 0.6560382631365754,
        "(19, 5)": 0.6560382631365754,
        "(5, 20)": 0.5795280085572201,
        "(20, 5)": 0.5795280085572201,
        "(5, 21)": 0.8305789814336442,
        "(21, 5)": 0.8305789814336442,
        "(5, 22)": 0.5265813301598666,
        "(22, 5)": 0.5265813301598666,
        "(5, 23)": 0.482076987424424,
        "(23, 5)": 0.482076987424424,
        "(5, 24)": 0.6413022010037553,
        "(24, 5)": 0.6413022010037553,
        "(5, 25)": 0.3908690500451938,
        "(25, 5)": 0.3908690500451938,
        "(5, 26)": 0.33619302475471896,
        "(26, 5)": 0.33619302475471896,
        "(5, 27)": 0.5519494579648564,
        "(27, 5)": 0.5519494579648564,
        "(5, 28)": 0.4334337714769295,
        "(28, 5)": 0.4334337714769295,
        "(6, 7)": 0.4451184626871204,
        "(7, 6)": 0.4451184626871204,
        "(6, 8)": 0.3552094921929487,
        "(8, 6)": 0.3552094921929487,
        "(6, 9)": 0.1383354182227164,
        "(9, 6)": 0.1383354182227164,
        "(6, 10)": 0.15870517751930585,
        "(10, 6)": 0.15870517751930585,
        "(6, 11)": 0.03402582852536904,
        "(11, 6)": 0.03402582852536904,
        "(6, 12)": 0.48646524980159733,
        "(12, 6)": 0.48646524980159733,
        "(6, 13)": 0.4133800074544421,
        "(13, 6)": 0.4133800074544421,
        "(6, 14)": 0.07361924560569585,
        "(14, 6)": 0.07361924560569585,
        "(6, 15)": 0.8153851543105821,
        "(15, 6)": 0.8153851543105821,
        "(6, 16)": 0.4443407905630891,
        "(16, 6)": 0.4443407905630891,
        "(6, 17)": 0.62698267708895,
        "(17, 6)": 0.62698267708895,
        "(6, 18)": 0.26439749128992374,
        "(18, 6)": 0.26439749128992374,
        "(6, 19)": 0.8580637155893244,
        "(19, 6)": 0.8580637155893244,
        "(6, 20)": 0.5977998533759005,
        "(20, 6)": 0.5977998533759005,
        "(6, 21)": 1.0163742531784898,
        "(21, 6)": 1.0163742531784898,
        "(6, 22)": 0.7297543590712661,
        "(22, 6)": 0.7297543590712661,
        "(6, 23)": 0.47711240324766707,
        "(23, 6)": 0.47711240324766707,
        "(6, 24)": 0.843252201210406,
        "(24, 6)": 0.843252201210406,
        "(6, 25)": 0.6008956809189425,
        "(25, 6)": 0.6008956809189425,
        "(6, 26)": 0.13137297378617716,
        "(26, 6)": 0.13137297378617716,
        "(6, 27)": 0.5689113347620139,
        "(27, 6)": 0.5689113347620139,
        "(6, 28)": 0.5106193342653365,
        "(28, 6)": 0.5106193342653365,
        "(7, 8)": 0.11597346415503468,
        "(8, 7)": 0.11597346415503468,
        "(7, 9)": 0.3222941809271228,
        "(9, 7)": 0.3222941809271228,
        "(7, 10)": 0.5962632130181498,
        "(10, 7)": 0.5962632130181498,
        "(7, 11)": 0.4532507115416126,
        "(11, 7)": 0.4532507115416126,
        "(7, 12)": 0.3045442585154094,
        "(12, 7)": 0.3045442585154094,
        "(7, 13)": 0.3906070642639275,
        "(13, 7)": 0.3906070642639275,
        "(7, 14)": 0.37213253137983343,
        "(14, 7)": 0.37213253137983343,
        "(7, 15)": 0.8433040737237226,
        "(15, 7)": 0.8433040737237226,
        "(7, 16)": 0.7176188649299542,
        "(16, 7)": 0.7176188649299542,
        "(7, 17)": 0.3659714128606011,
        "(17, 7)": 0.3659714128606011,
        "(7, 18)": 0.43533566669356966,
        "(18, 7)": 0.43533566669356966,
        "(7, 19)": 0.5190639773253509,
        "(19, 7)": 0.5190639773253509,
        "(7, 20)": 0.31167599144171854,
        "(20, 7)": 0.31167599144171854,
        "(7, 21)": 0.6122038818957493,
        "(21, 7)": 0.6122038818957493,
        "(7, 22)": 0.415760332735166,
        "(22, 7)": 0.415760332735166,
        "(7, 23)": 0.2737690415171618,
        "(23, 7)": 0.2737690415171618,
        "(7, 24)": 0.7236385065414659,
        "(24, 7)": 0.7236385065414659,
        "(7, 25)": 0.45835876790495644,
        "(25, 7)": 0.45835876790495644,
        "(7, 26)": 0.5106680392120113,
        "(26, 7)": 0.5106680392120113,
        "(7, 27)": 0.29123267154283644,
        "(27, 7)": 0.29123267154283644,
        "(7, 28)": 0.12430584361480751,
        "(28, 7)": 0.12430584361480751,
        "(8, 9)": 0.2517732246968778,
        "(9, 8)": 0.2517732246968778,
        "(8, 10)": 0.5122203971234122,
        "(10, 8)": 0.5122203971234122,
        "(8, 11)": 0.35750864856828474,
        "(11, 8)": 0.35750864856828474,
        "(8, 12)": 0.3652338958416287,
        "(12, 8)": 0.3652338958416287,
        "(8, 13)": 0.41332379983167766,
        "(13, 8)": 0.41332379983167766,
        "(8, 14)": 0.2817834946633276,
        "(14, 8)": 0.2817834946633276,
        "(8, 15)": 0.8808177596179716,
        "(15, 8)": 0.8808177596179716,
        "(8, 16)": 0.6873792846374779,
        "(16, 8)": 0.6873792846374779,
        "(8, 17)": 0.45540193378066873,
        "(17, 8)": 0.45540193378066873,
        "(8, 18)": 0.4086158838681194,
        "(18, 8)": 0.4086158838681194,
        "(8, 19)": 0.6291466535798318,
        "(19, 8)": 0.6291466535798318,
        "(8, 20)": 0.2904933882241327,
        "(20, 8)": 0.2904933882241327,
        "(8, 21)": 0.7281307899886106,
        "(21, 8)": 0.7281307899886106,
        "(8, 22)": 0.5194952759799499,
        "(22, 8)": 0.5194952759799499,
        "(8, 23)": 0.20869192947564053,
        "(23, 8)": 0.20869192947564053,
        "(8, 24)": 0.7931504130755622,
        "(24, 8)": 0.7931504130755622,
        "(8, 25)": 0.5222212975284662,
        "(25, 8)": 0.5222212975284662,
        "(8, 26)": 0.4040582043091017,
        "(26, 8)": 0.4040582043091017,
        "(8, 27)": 0.2637386273072925,
        "(27, 8)": 0.2637386273072925,
        "(8, 28)": 0.156231267447541,
        "(28, 8)": 0.156231267447541,
        "(9, 10)": 0.27589511977137676,
        "(10, 9)": 0.27589511977137676,
        "(9, 11)": 0.16015563662811327,
        "(11, 9)": 0.16015563662811327,
        "(9, 12)": 0.35454694986305196,
        "(12, 9)": 0.35454694986305196,
        "(9, 13)": 0.30331318754574493,
        "(13, 9)": 0.30331318754574493,
        "(9, 14)": 0.08299197608909813,
        "(14, 9)": 0.08299197608909813,
        "(9, 15)": 0.7446367426958116,
        "(15, 9)": 0.7446367426958116,
        "(9, 16)": 0.4527947802124093,
        "(16, 9)": 0.4527947802124093,
        "(9, 17)": 0.4925258988945165,
        "(17, 9)": 0.4925258988945165,
        "(9, 18)": 0.1991761006444109,
        "(18, 9)": 0.1991761006444109,
        "(9, 19)": 0.7207937802644114,
        "(19, 9)": 0.7207937802644114,
        "(9, 20)": 0.5273770169777678,
        "(20, 9)": 0.5273770169777678,
        "(9, 21)": 0.878453496414242,
        "(21, 9)": 0.878453496414242,
        "(9, 22)": 0.5930264423952194,
        "(22, 9)": 0.5930264423952194,
        "(9, 23)": 0.4188245625172452,
        "(23, 9)": 0.4188245625172452,
        "(9, 24)": 0.736062491485804,
        "(24, 9)": 0.736062491485804,
        "(9, 25)": 0.48080104453707734,
        "(25, 9)": 0.48080104453707734,
        "(9, 26)": 0.2499058748847515,
        "(26, 9)": 0.2499058748847515,
        "(9, 27)": 0.4987949887929029,
        "(27, 9)": 0.4987949887929029,
        "(9, 28)": 0.40635065980635965,
        "(28, 9)": 0.40635065980635965,
        "(10, 11)": 0.1673991883165817,
        "(11, 10)": 0.1673991883165817,
        "(10, 12)": 0.5852867667261756,
        "(12, 10)": 0.5852867667261756,
        "(10, 13)": 0.4804893045557435,
        "(13, 10)": 0.4804893045557435,
        "(10, 14)": 0.23087398925010288,
        "(14, 10)": 0.23087398925010288,
        "(10, 15)": 0.8071316447807734,
        "(15, 10)": 0.8071316447807734,
        "(10, 16)": 0.3679375841661431,
        "(16, 10)": 0.3679375841661431,
        "(10, 17)": 0.7284514473135579,
        "(17, 10)": 0.7284514473135579,
        "(10, 18)": 0.3056087384079004,
        "(18, 10)": 0.3056087384079004,
        "(10, 19)": 0.9675078166042806,
        "(19, 10)": 0.9675078166042806,
        "(10, 20)": 0.754637023781461,
        "(20, 10)": 0.754637023781461,
        "(10, 21)": 1.143328402186057,
        "(21, 10)": 1.143328402186057,
        "(10, 22)": 0.8378428230664056,
        "(22, 10)": 0.8378428230664056,
        "(10, 23)": 0.6324352691752946,
        "(23, 10)": 0.6324352691752946,
        "(10, 24)": 0.8853966974000232,
        "(24, 10)": 0.8853966974000232,
        "(10, 25)": 0.6721543930389489,
        "(25, 10)": 0.6721543930389489,
        "(10, 26)": 0.20211576776161239,
        "(26, 10)": 0.20211576776161239,
        "(10, 27)": 0.7258317585070927,
        "(27, 10)": 0.7258317585070927,
        "(10, 28)": 0.6681679913818264,
        "(28, 10)": 0.6681679913818264,
        "(11, 12)": 0.5128314652775379,
        "(12, 11)": 0.5128314652775379,
        "(11, 13)": 0.44460842143003815,
        "(13, 11)": 0.44460842143003815,
        "(11, 14)": 0.0836662158139899,
        "(14, 11)": 0.0836662158139899,
        "(11, 15)": 0.849410329509742,
        "(15, 11)": 0.849410329509742,
        "(11, 16)": 0.4743115241820789,
        "(16, 11)": 0.4743115241820789,
        "(11, 17)": 0.6521616727950716,
        "(17, 11)": 0.6521616727950716,
        "(11, 18)": 0.2981459494632901,
        "(18, 11)": 0.2981459494632901,
        "(11, 19)": 0.8808442496175029,
        "(19, 11)": 0.8808442496175029,
        "(11, 20)": 0.5877005223558921,
        "(20, 11)": 0.5877005223558921,
        "(11, 21)": 1.034083116800977,
        "(21, 11)": 1.034083116800977,
        "(11, 22)": 0.7531796388230462,
        "(22, 11)": 0.7531796388230462,
        "(11, 23)": 0.46509591247144016,
        "(23, 11)": 0.46509591247144016,
        "(11, 24)": 0.8754581939065077,
        "(24, 11)": 0.8754581939065077,
        "(11, 25)": 0.6308630310464609,
        "(25, 11)": 0.6308630310464609,
        "(11, 26)": 0.09820663330879129,
        "(26, 11)": 0.09820663330879129,
        "(11, 27)": 0.5589561192412141,
        "(27, 11)": 0.5589561192412141,
        "(11, 28)": 0.5111513627944393,
        "(28, 11)": 0.5111513627944393,
        "(12, 13)": 0.14558178823845613,
        "(13, 12)": 0.14558178823845613,
        "(12, 14)": 0.43722164063558056,
        "(14, 12)": 0.43722164063558056,
        "(12, 15)": 0.5427834832527073,
        "(15, 12)": 0.5427834832527073,
        "(12, 16)": 0.5332448507527751,
        "(16, 12)": 0.5332448507527751,
        "(12, 17)": 0.14317566954234018,
        "(17, 12)": 0.14317566954234018,
        "(12, 18)": 0.3000532824152968,
        "(18, 12)": 0.3000532824152968,
        "(12, 19)": 0.3833329108528138,
        "(19, 12)": 0.3833329108528138,
        "(12, 20)": 0.6161747167289535,
        "(20, 12)": 0.6161747167289535,
        "(12, 21)": 0.5785024662197848,
        "(21, 12)": 0.5785024662197848,
        "(12, 22)": 0.2539271235178847,
        "(22, 12)": 0.2539271235178847,
        "(12, 23)": 0.5674435615999661,
        "(23, 12)": 0.5674435615999661,
        "(12, 24)": 0.42795005069698405,
        "(24, 12)": 0.42795005069698405,
        "(12, 25)": 0.15710049628994796,
        "(25, 12)": 0.15710049628994796,
        "(12, 26)": 0.6044355776709625,
        "(26, 12)": 0.6044355776709625,
        "(12, 27)": 0.5956348204288919,
        "(27, 12)": 0.5956348204288919,
        "(12, 28)": 0.42633845905024653,
        "(28, 12)": 0.42633845905024653,
        "(13, 14)": 0.38295329586847865,
        "(14, 13)": 0.38295329586847865,
        "(13, 15)": 0.4686814220738829,
        "(15, 13)": 0.4686814220738829,
        "(13, 16)": 0.38767837473127903,
        "(16, 13)": 0.38767837473127903,
        "(13, 17)": 0.2717285064824865,
        "(17, 13)": 0.2717285064824865,
        "(13, 18)": 0.1767459722806177,
        "(18, 13)": 0.1767459722806177,
        "(13, 19)": 0.5114584239231815,
        "(19, 13)": 0.5114584239231815,
        "(13, 20)": 0.6935484804491255,
        "(20, 13)": 0.6935484804491255,
        "(13, 21)": 0.7188394183798982,
        "(21, 13)": 0.7188394183798982,
        "(13, 22)": 0.38551970635682026,
        "(22, 13)": 0.38551970635682026,
        "(13, 23)": 0.6218893228538304,
        "(23, 13)": 0.6218893228538304,
        "(13, 24)": 0.4330977497963856,
        "(24, 13)": 0.4330977497963856,
        "(13, 25)": 0.19194500386885913,
        "(25, 13)": 0.19194500386885913,
        "(13, 26)": 0.5421177191909422,
        "(26, 13)": 0.5421177191909422,
        "(13, 27)": 0.6694641608287456,
        "(27, 13)": 0.6694641608287456,
        "(13, 28)": 0.5144095741363284,
        "(28, 13)": 0.5144095741363284,
        "(14, 15)": 0.8120295534087967,
        "(15, 14)": 0.8120295534087967,
        "(14, 16)": 0.4795097626264574,
        "(16, 14)": 0.4795097626264574,
        "(14, 17)": 0.5742562290385709,
        "(17, 14)": 0.5742562290385709,
        "(14, 18)": 0.2585040668056987,
        "(18, 14)": 0.2585040668056987,
        "(14, 19)": 0.7999635295160251,
        "(19, 14)": 0.7999635295160251,
        "(14, 20)": 0.5311955564303682,
        "(20, 14)": 0.5311955564303682,
        "(14, 21)": 0.9505797328449398,
        "(21, 14)": 0.9505797328449398,
        "(14, 22)": 0.6730204901362962,
        "(22, 14)": 0.6730204901362962,
        "(14, 23)": 0.4131723146339935,
        "(23, 14)": 0.4131723146339935,
        "(14, 24)": 0.8160473713699431,
        "(24, 14)": 0.8160473713699431,
        "(14, 25)": 0.5631976577734621,
        "(25, 14)": 0.5631976577734621,
        "(14, 26)": 0.16732906350733978,
        "(26, 14)": 0.16732906350733978,
        "(14, 27)": 0.5022542055046395,
        "(27, 14)": 0.5022542055046395,
        "(14, 28)": 0.4374478765550241,
        "(28, 14)": 0.4374478765550241,
        "(15, 16)": 0.482187382426158,
        "(16, 15)": 0.482187382426158,
        "(15, 17)": 0.55630101985693,
        "(17, 15)": 0.55630101985693,
        "(15, 18)": 0.5542492572463863,
        "(18, 15)": 0.5542492572463863,
        "(15, 19)": 0.6877122870908285,
        "(19, 15)": 0.6877122870908285,
        "(15, 20)": 1.1537033109912258,
        "(20, 15)": 1.1537033109912258,
        "(15, 21)": 0.9200268749915991,
        "(21, 15)": 0.9200268749915991,
        "(15, 22)": 0.6222173603900456,
        "(22, 15)": 0.6222173603900456,
        "(15, 23)": 1.0894963661675192,
        "(23, 15)": 1.0894963661675192,
        "(15, 24)": 0.2727270294363545,
        "(24, 15)": 0.2727270294363545,
        "(15, 25)": 0.4075790995294062,
        "(25, 15)": 0.4075790995294062,
        "(15, 26)": 0.9447648036055859,
        "(26, 15)": 0.9447648036055859,
        "(15, 27)": 1.1312648568802894,
        "(27, 15)": 1.1312648568802894,
        "(15, 28)": 0.966972630070846,
        "(28, 15)": 0.966972630070846,
        "(16, 17)": 0.6509823846240592,
        "(17, 16)": 0.6509823846240592,
        "(16, 18)": 0.2825465109982121,
        "(18, 16)": 0.2825465109982121,
        "(16, 19)": 0.8810968262124745,
        "(19, 16)": 0.8810968262124745,
        "(16, 20)": 0.9748254794013402,
        "(20, 16)": 0.9748254794013402,
        "(16, 21)": 1.1002173376016187,
        "(21, 16)": 1.1002173376016187,
        "(16, 22)": 0.7623339913865539,
        "(22, 16)": 0.7623339913865539,
        "(16, 23)": 0.871013952100879,
        "(23, 16)": 0.871013952100879,
        "(16, 24)": 0.6416333089147577,
        "(24, 16)": 0.6416333089147577,
        "(16, 25)": 0.5272403281756586,
        "(25, 16)": 0.5272403281756586,
        "(16, 26)": 0.5509957562708491,
        "(26, 16)": 0.5509957562708491,
        "(16, 27)": 0.9468122542387615,
        "(27, 16)": 0.9468122542387615,
        "(16, 28)": 0.8288931715504563,
        "(28, 16)": 0.8288931715504563,
        "(17, 18)": 0.4395347420021118,
        "(18, 17)": 0.4395347420021118,
        "(17, 19)": 0.2415801668125299,
        "(19, 17)": 0.2415801668125299,
        "(17, 20)": 0.66326318294635,
        "(20, 17)": 0.66326318294635,
        "(17, 21)": 0.4493458423009077,
        "(21, 17)": 0.4493458423009077,
        "(17, 22)": 0.11384209612045862,
        "(22, 17)": 0.11384209612045862,
        "(17, 23)": 0.6397403886904599,
        "(23, 17)": 0.6397403886904599,
        "(17, 24)": 0.37286295391631646,
        "(24, 17)": 0.37286295391631646,
        "(17, 25)": 0.15474664665664709,
        "(25, 17)": 0.15474664665664709,
        "(17, 26)": 0.7414857989037295,
        "(26, 17)": 0.7414857989037295,
        "(17, 27)": 0.6475128676889853,
        "(27, 17)": 0.6475128676889853,
        "(17, 28)": 0.47220675762938424,
        "(28, 17)": 0.47220675762938424,
        "(18, 19)": 0.6811080320066853,
        "(19, 18)": 0.6811080320066853,
        "(18, 20)": 0.6984835208155522,
        "(20, 18)": 0.6984835208155522,
        "(18, 21)": 0.8772943845896018,
        "(21, 18)": 0.8772943845896018,
        "(18, 22)": 0.5526692428526582,
        "(22, 18)": 0.5526692428526582,
        "(18, 23)": 0.6017552307271635,
        "(23, 18)": 0.6017552307271635,
        "(18, 24)": 0.5864261825862669,
        "(24, 18)": 0.5864261825862669,
        "(18, 25)": 0.36720711608015344,
        "(25, 18)": 0.36720711608015344,
        "(18, 26)": 0.39562036590566296,
        "(26, 18)": 0.39562036590566296,
        "(18, 27)": 0.6710879887430828,
        "(27, 18)": 0.6710879887430828,
        "(18, 28)": 0.5466598543897799,
        "(28, 18)": 0.5466598543897799,
        "(19, 20)": 0.7622419086472314,
        "(20, 19)": 0.7622419086472314,
        "(19, 21)": 0.2346713488495507,
        "(21, 19)": 0.2346713488495507,
        "(19, 22)": 0.12966905350423075,
        "(22, 19)": 0.12966905350423075,
        "(19, 23)": 0.7761121357249148,
        "(23, 19)": 0.7761121357249148,
        "(19, 24)": 0.4350613979457673,
        "(24, 19)": 0.4350613979457673,
        "(19, 25)": 0.3563405325147188,
        "(25, 19)": 0.3563405325147188,
        "(19, 26)": 0.9653806113639773,
        "(26, 19)": 0.9653806113639773,
        "(19, 27)": 0.7546812898948748,
        "(27, 19)": 0.7546812898948748,
        "(19, 28)": 0.5898154752328393,
        "(28, 19)": 0.5898154752328393,
        "(20, 21)": 0.7740888906552134,
        "(21, 20)": 0.7740888906552134,
        "(20, 22)": 0.6869817073235827,
        "(22, 20)": 0.6869817073235827,
        "(20, 23)": 0.12570869003956564,
        "(23, 20)": 0.12570869003956564,
        "(20, 24)": 1.0305597616465256,
        "(24, 20)": 1.0305597616465256,
        "(20, 25)": 0.7689148550125782,
        "(25, 20)": 0.7689148550125782,
        "(20, 26)": 0.5946184596635283,
        "(26, 20)": 0.5946184596635283,
        "(20, 27)": 0.028941526426687944,
        "(27, 20)": 0.028941526426687944,
        "(20, 28)": 0.1920481963737272,
        "(28, 20)": 0.1920481963737272,
        "(21, 22)": 0.3384739430174496,
        "(22, 21)": 0.3384739430174496,
        "(21, 23)": 0.8240370948461389,
        "(23, 21)": 0.8240370948461389,
        "(21, 24)": 0.6603063683960582,
        "(24, 21)": 0.6603063683960582,
        "(21, 25)": 0.5837908283949994,
        "(25, 21)": 0.5837908283949994,
        "(21, 26)": 1.108077838069549,
        "(26, 21)": 1.108077838069549,
        "(21, 27)": 0.7753129323754758,
        "(27, 21)": 0.7753129323754758,
        "(21, 28)": 0.6397731900878378,
        "(28, 21)": 0.6397731900878378,
        "(22, 23)": 0.6837806101394588,
        "(23, 22)": 0.6837806101394588,
        "(22, 24)": 0.3994690659653266,
        "(24, 22)": 0.3994690659653266,
        "(22, 25)": 0.24810641108167641,
        "(25, 22)": 0.24810641108167641,
        "(22, 26)": 0.8392128738248473,
        "(26, 22)": 0.8392128738248473,
        "(22, 27)": 0.6754634008168016,
        "(27, 22)": 0.6754634008168016,
        "(22, 28)": 0.5032087093924767,
        "(28, 22)": 0.5032087093924767,
        "(23, 24)": 0.9932730284434185,
        "(24, 23)": 0.9932730284434185,
        "(23, 25)": 0.7242592402679543,
        "(25, 23)": 0.7242592402679543,
        "(23, 26)": 0.4689902508962105,
        "(26, 23)": 0.4689902508962105,
        "(23, 27)": 0.09856062297091447,
        "(27, 23)": 0.09856062297091447,
        "(23, 28)": 0.18791838622127086,
        "(28, 23)": 0.18791838622127086,
        "(24, 25)": 0.27135452768839335,
        "(25, 24)": 0.27135452768839335,
        "(24, 26)": 0.9735001711399206,
        "(26, 24)": 0.9735001711399206,
        "(24, 27)": 1.0128064772293137,
        "(27, 24)": 1.0128064772293137,
        "(24, 28)": 0.8385192615263447,
        "(28, 24)": 0.8385192615263447,
        "(25, 26)": 0.7270306627684449,
        "(26, 25)": 0.7270306627684449,
        "(25, 27)": 0.7494352570077447,
        "(27, 25)": 0.7494352570077447,
        "(25, 28)": 0.5775435718133601,
        "(28, 25)": 0.5775435718133601,
        "(26, 27)": 0.5668586426260326,
        "(27, 26)": 0.5668586426260326,
        "(26, 28)": 0.5491384508178511,
        "(28, 26)": 0.5491384508178511,
        "(27, 28)": 0.1753104091022767,
        "(28, 27)": 0.1753104091022767
    },
    "statistics": {
        "avg_distance": 0.51,
        "min_distance": 0.028941526426687944,
        "max_distance": 1.1537033109912258
    }
}