{
    "instance_id": "LARGE_02",
    "group": "Large",
    "group_key": "large",
    "instance_number_in_group": 2,
    "parameters": {
        "I_range": [
            22,
            30
        ],
        "p_range": [
            13,
            20
        ]
    },
    "I": 22,
    "p": 17,
    "facilities": [
        [
            0.8566707590317971,
            0.09497337959496754
        ],
        [
            0.5134392990284165,
            0.761799250205093
        ],
        [
            0.37050464486664625,
            0.12191879357298152
        ],
        [
            0.3759258364260122,
            0.14635318475310477
        ],
        [
            0.8988898637671872,
            0.15957349162045598
        ],
        [
            0.7537455618258289,
            0.5005408324766611
        ],
        [
            0.8932546530510629,
            0.3998372076692619
        ],
        [
            0.49659175955609414,
            0.7829393869543417
        ],
        [
            0.7496588995744433,
            0.5716720362231654
        ],
        [
            0.4774644963150617,
            0.8014653607776511
        ],
        [
            0.27279696715448565,
            0.2910376277185539
        ],
        [
            0.7203643663627981,
            0.05148780417427423
        ],
        [
            0.2340487037660567,
            0.12914044770094135
        ],
        [
            0.8346662772868255,
            0.9129869127663481
        ],
        [
            0.28618187819503615,
            0.7393988999976364
        ],
        [
            0.5292645351177646,
            0.15619003347869542
        ],
        [
            0.05688683158013741,
            0.724829836341381
        ],
        [
            0.5091006369173119,
            0.30905791274328154
        ],
        [
            0.005106104553262547,
            0.8130451540954762
        ],
        [
            0.5263730350873601,
            0.8975875496954522
        ],
        [
            0.252923271233663,
            0.3350390926120248
        ],
        [
            0.6197340656472428,
            0.1731005595130085
        ]
    ],
    "distanceMatrix": {
        "(0, 1)": 0.7499763841955319,
        "(1, 0)": 0.7499763841955319,
        "(0, 2)": 0.48691225687683104,
        "(2, 0)": 0.48691225687683104,
        "(0, 3)": 0.4834827452860446,
        "(3, 0)": 0.4834827452860446,
        "(0, 4)": 0.07717271071022119,
        "(4, 0)": 0.07717271071022119,
        "(0, 5)": 0.4184238939841177,
        "(5, 0)": 0.4184238939841177,
        "(0, 6)": 0.307051029911521,
        "(6, 0)": 0.307051029911521,
        "(0, 7)": 0.7765011997063634,
        "(7, 0)": 0.7765011997063634,
        "(0, 8)": 0.48856232693040197,
        "(8, 0)": 0.48856232693040197,
        "(0, 9)": 0.8018281044956126,
        "(9, 0)": 0.8018281044956126,
        "(0, 10)": 0.6159137879877811,
        "(10, 0)": 0.6159137879877811,
        "(0, 11)": 0.14307490329231104,
        "(11, 0)": 0.14307490329231104,
        "(0, 12)": 0.6235588282161459,
        "(12, 0)": 0.6235588282161459,
        "(0, 13)": 0.8183094388239636,
        "(13, 0)": 0.8183094388239636,
        "(0, 14)": 0.8606635896240938,
        "(14, 0)": 0.8606635896240938,
        "(0, 15)": 0.33308004168722827,
        "(15, 0)": 0.33308004168722827,
        "(0, 16)": 1.0180243055620766,
        "(16, 0)": 1.0180243055620766,
        "(0, 17)": 0.40821217169507545,
        "(17, 0)": 0.40821217169507545,
        "(0, 18)": 1.1139072825381182,
        "(18, 0)": 1.1139072825381182,
        "(0, 19)": 0.867920556553977,
        "(19, 0)": 0.867920556553977,
        "(0, 20)": 0.6497249999722545,
        "(20, 0)": 0.6497249999722545,
        "(0, 21)": 0.24948517573986692,
        "(21, 0)": 0.24948517573986692,
        "(1, 2)": 0.6556502986654276,
        "(2, 1)": 0.6556502986654276,
        "(1, 3)": 0.6306217660985353,
        "(3, 1)": 0.6306217660985353,
        "(1, 4)": 0.7150160852458347,
        "(4, 1)": 0.7150160852458347,
        "(1, 5)": 0.35496909833621126,
        "(5, 1)": 0.35496909833621126,
        "(1, 6)": 0.5246677266499808,
        "(6, 1)": 0.5246677266499808,
        "(1, 7)": 0.027032294909023095,
        "(7, 1)": 0.027032294909023095,
        "(1, 8)": 0.30322938046741804,
        "(8, 1)": 0.30322938046741804,
        "(1, 9)": 0.05354985301771798,
        "(9, 1)": 0.05354985301771798,
        "(1, 10)": 0.5287014631111605,
        "(10, 1)": 0.5287014631111605,
        "(1, 11)": 0.7398380456922522,
        "(11, 1)": 0.7398380456922522,
        "(1, 12)": 0.691604124559016,
        "(12, 1)": 0.691604124559016,
        "(1, 13)": 0.35502743678730575,
        "(13, 1)": 0.35502743678730575,
        "(1, 14)": 0.22835873316616734,
        "(14, 1)": 0.22835873316616734,
        "(1, 15)": 0.6058159468693808,
        "(15, 1)": 0.6058159468693808,
        "(1, 16)": 0.4580468241288638,
        "(16, 1)": 0.4580468241288638,
        "(1, 17)": 0.45276212588469034,
        "(17, 1)": 0.45276212588469034,
        "(1, 18)": 0.5109097564843101,
        "(18, 1)": 0.5109097564843101,
        "(1, 19)": 0.13640287316228314,
        "(19, 1)": 0.13640287316228314,
        "(1, 20)": 0.49999283279544837,
        "(20, 1)": 0.49999283279544837,
        "(1, 21)": 0.5982179584675851,
        "(21, 1)": 0.5982179584675851,
        "(2, 3)": 0.025028559492440337,
        "(3, 2)": 0.025028559492440337,
        "(2, 4)": 0.5297252267332744,
        "(4, 2)": 0.5297252267332744,
        "(2, 5)": 0.5387283626980248,
        "(5, 2)": 0.5387283626980248,
        "(2, 6)": 0.5920356542900092,
        "(6, 2)": 0.5920356542900092,
        "(2, 7)": 0.6729384707125574,
        "(7, 2)": 0.6729384707125574,
        "(2, 8)": 0.5882481858343298,
        "(8, 2)": 0.5882481858343298,
        "(2, 9)": 0.6879127465176943,
        "(9, 2)": 0.6879127465176943,
        "(2, 10)": 0.19531505407075272,
        "(10, 2)": 0.19531505407075272,
        "(2, 11)": 0.3568786194114825,
        "(11, 2)": 0.3568786194114825,
        "(2, 12)": 0.13664690318478295,
        "(12, 2)": 0.13664690318478295,
        "(2, 13)": 0.9171885249037387,
        "(13, 2)": 0.9171885249037387,
        "(2, 14)": 0.6232110483691363,
        "(14, 2)": 0.6232110483691363,
        "(2, 15)": 0.1624168114365694,
        "(15, 2)": 0.1624168114365694,
        "(2, 16)": 0.6796012494858219,
        "(16, 2)": 0.6796012494858219,
        "(2, 17)": 0.2328731391473562,
        "(17, 2)": 0.2328731391473562,
        "(2, 18)": 0.7817747370388869,
        "(18, 2)": 0.7817747370388869,
        "(2, 19)": 0.7911744272248551,
        "(19, 2)": 0.7911744272248551,
        "(2, 20)": 0.243404275410089,
        "(20, 2)": 0.243404275410089,
        "(2, 21)": 0.2544304961033,
        "(21, 2)": 0.2544304961033,
        "(3, 4)": 0.5231311025035389,
        "(4, 3)": 0.5231311025035389,
        "(3, 5)": 0.5178770459299572,
        "(5, 3)": 0.5178770459299572,
        "(3, 6)": 0.576093095241068,
        "(6, 3)": 0.576093095241068,
        "(3, 7)": 0.6479214904892637,
        "(7, 3)": 0.6479214904892637,
        "(3, 8)": 0.5661912467586555,
        "(8, 3)": 0.5661912467586555,
        "(3, 9)": 0.662934433128707,
        "(9, 3)": 0.662934433128707,
        "(3, 10)": 0.17767709957517291,
        "(10, 3)": 0.17767709957517291,
        "(3, 11)": 0.35726368600430203,
        "(11, 3)": 0.35726368600430203,
        "(3, 12)": 0.14291745550714766,
        "(12, 3)": 0.14291745550714766,
        "(3, 13)": 0.8934036405839507,
        "(13, 3)": 0.8934036405839507,
        "(3, 14)": 0.5997976312131128,
        "(14, 3)": 0.5997976312131128,
        "(3, 15)": 0.15365389714982888,
        "(15, 3)": 0.15365389714982888,
        "(3, 16)": 0.6606217700362516,
        "(16, 3)": 0.6606217700362516,
        "(3, 17)": 0.21025783218766164,
        "(17, 3)": 0.21025783218766164,
        "(3, 18)": 0.7628797123608593,
        "(18, 3)": 0.7628797123608593,
        "(3, 19)": 0.7661510495035422,
        "(19, 3)": 0.7661510495035422,
        "(3, 20)": 0.2252376586373668,
        "(20, 3)": 0.2252376586373668,
        "(3, 21)": 0.24527102293695202,
        "(21, 3)": 0.24527102293695202,
        "(4, 5)": 0.3705746833184854,
        "(5, 4)": 0.3705746833184854,
        "(4, 6)": 0.24032979184736203,
        "(6, 4)": 0.24032979184736203,
        "(4, 7)": 0.7419088920597033,
        "(7, 4)": 0.7419088920597033,
        "(4, 8)": 0.43828653999132494,
        "(8, 4)": 0.43828653999132494,
        "(4, 9)": 0.7678701140311925,
        "(9, 4)": 0.7678701140311925,
        "(4, 10)": 0.6397461483032955,
        "(10, 4)": 0.6397461483032955,
        "(4, 11)": 0.2086956373626392,
        "(11, 4)": 0.2086956373626392,
        "(4, 12)": 0.6655373304284711,
        "(12, 4)": 0.6655373304284711,
        "(4, 13)": 0.7561457876779835,
        "(13, 4)": 0.7561457876779835,
        "(4, 14)": 0.8435689537812824,
        "(14, 4)": 0.8435689537812824,
        "(4, 15)": 0.36964081399135384,
        "(15, 4)": 0.36964081399135384,
        "(4, 16)": 1.014141923726382,
        "(16, 4)": 1.014141923726382,
        "(4, 17)": 0.4174700390766381,
        "(17, 4)": 0.4174700390766381,
        "(4, 18)": 1.1071922244544719,
        "(18, 4)": 1.1071922244544719,
        "(4, 19)": 0.8267003916570982,
        "(19, 4)": 0.8267003916570982,
        "(4, 20)": 0.6693735995695561,
        "(20, 4)": 0.6693735995695561,
        "(4, 21)": 0.27948334689164017,
        "(21, 4)": 0.27948334689164017,
        "(5, 6)": 0.17205814884462783,
        "(6, 5)": 0.17205814884462783,
        "(5, 7)": 0.38193850498851956,
        "(7, 5)": 0.38193850498851956,
        "(5, 8)": 0.07124850142131835,
        "(8, 5)": 0.07124850142131835,
        "(5, 9)": 0.40851780731436677,
        "(9, 5)": 0.40851780731436677,
        "(5, 10)": 0.5245980780752608,
        "(10, 5)": 0.5245980780752608,
        "(5, 11)": 0.4502920457193147,
        "(11, 5)": 0.4502920457193147,
        "(5, 12)": 0.6387668354640461,
        "(12, 5)": 0.6387668354640461,
        "(5, 13)": 0.42030932815849625,
        "(13, 5)": 0.42030932815849625,
        "(5, 14)": 0.5250418789680027,
        "(14, 5)": 0.5250418789680027,
        "(5, 15)": 0.41105863830169537,
        "(15, 5)": 0.41105863830169537,
        "(5, 16)": 0.7320639638544337,
        "(16, 5)": 0.7320639638544337,
        "(5, 17)": 0.31067160770355856,
        "(17, 5)": 0.31067160770355856,
        "(5, 18)": 0.811245947919494,
        "(18, 5)": 0.811245947919494,
        "(5, 19)": 0.45754165009281317,
        "(19, 5)": 0.45754165009281317,
        "(5, 20)": 0.527459754533183,
        "(20, 5)": 0.527459754533183,
        "(5, 21)": 0.3538025063033536,
        "(21, 5)": 0.3538025063033536,
        "(6, 7)": 0.5514605433290567,
        "(7, 6)": 0.5514605433290567,
        "(6, 8)": 0.22393514400528453,
        "(8, 6)": 0.22393514400528453,
        "(6, 9)": 0.5780887715635066,
        "(9, 6)": 0.5780887715635066,
        "(6, 10)": 0.6299246689768437,
        "(10, 6)": 0.6299246689768437,
        "(6, 11)": 0.38889376203079434,
        "(11, 6)": 0.38889376203079434,
        "(6, 12)": 0.7126213717185955,
        "(12, 6)": 0.7126213717185955,
        "(6, 13)": 0.5164835114656788,
        "(13, 6)": 0.5164835114656788,
        "(6, 14)": 0.6955857221567345,
        "(14, 6)": 0.6955857221567345,
        "(6, 15)": 0.438009990119112,
        "(15, 6)": 0.438009990119112,
        "(6, 16)": 0.8972911130080559,
        "(16, 6)": 0.8972911130080559,
        "(6, 17)": 0.3947343264766169,
        "(17, 6)": 0.3947343264766169,
        "(6, 18)": 0.9795655420585795,
        "(18, 6)": 0.9795655420585795,
        "(6, 19)": 0.6183506485699306,
        "(19, 6)": 0.6183506485699306,
        "(6, 20)": 0.6436016425205514,
        "(20, 6)": 0.6436016425205514,
        "(6, 21)": 0.35527879102313925,
        "(21, 6)": 0.35527879102313925,
        "(7, 8)": 0.3296617521673338,
        "(8, 7)": 0.3296617521673338,
        "(7, 9)": 0.026628253889312625,
        "(9, 7)": 0.026628253889312625,
        "(7, 10)": 0.5404178474526373,
        "(10, 7)": 0.5404178474526373,
        "(7, 11)": 0.7649154185323588,
        "(11, 7)": 0.7649154185323588,
        "(7, 12)": 0.7045437595440345,
        "(12, 7)": 0.7045437595440345,
        "(7, 13)": 0.3622247072035411,
        "(13, 7)": 0.3622247072035411,
        "(7, 14)": 0.2148676154724148,
        "(14, 7)": 0.2148676154724148,
        "(7, 15)": 0.6276004002110291,
        "(15, 7)": 0.6276004002110291,
        "(7, 16)": 0.44352806400360006,
        "(16, 7)": 0.44352806400360006,
        "(7, 17)": 0.4740465416109326,
        "(17, 7)": 0.4740465416109326,
        "(7, 18)": 0.4924068503673752,
        "(18, 7)": 0.4924068503673752,
        "(7, 19)": 0.11845305227043045,
        "(19, 7)": 0.11845305227043045,
        "(7, 20)": 0.5098911706170964,
        "(20, 7)": 0.5098911706170964,
        "(7, 21)": 0.6221474286730327,
        "(21, 7)": 0.6221474286730327,
        "(8, 9)": 0.35622291500622755,
        "(9, 8)": 0.35622291500622755,
        "(8, 10)": 0.5533109196717786,
        "(10, 8)": 0.5533109196717786,
        "(8, 11)": 0.5210084499779086,
        "(11, 8)": 0.5210084499779086,
        "(8, 12)": 0.6794763284041364,
        "(12, 8)": 0.6794763284041364,
        "(8, 13)": 0.351741523302586,
        "(13, 8)": 0.351741523302586,
        "(8, 14)": 0.4928927369908664,
        "(14, 8)": 0.4928927369908664,
        "(8, 15)": 0.47031794616920486,
        "(15, 8)": 0.47031794616920486,
        "(8, 16)": 0.7095001408950942,
        "(16, 8)": 0.7095001408950942,
        "(8, 17)": 0.3561382534686847,
        "(17, 8)": 0.3561382534686847,
        "(8, 18)": 0.7827003555673478,
        "(18, 8)": 0.7827003555673478,
        "(8, 19)": 0.3950664490964127,
        "(19, 8)": 0.3950664490964127,
        "(8, 20)": 0.550219442100316,
        "(20, 8)": 0.550219442100316,
        "(8, 21)": 0.4192131731206998,
        "(21, 8)": 0.4192131731206998,
        "(9, 10)": 0.5499320577749075,
        "(10, 9)": 0.5499320577749075,
        "(9, 11)": 0.7883315814287656,
        "(11, 9)": 0.7883315814287656,
        "(9, 12)": 0.7150328921146674,
        "(12, 9)": 0.7150328921146674,
        "(9, 13)": 0.3742060513772694,
        "(13, 9)": 0.3742060513772694,
        "(9, 14)": 0.2011001878383226,
        "(14, 9)": 0.2011001878383226,
        "(9, 15)": 0.6473511350424404,
        "(15, 9)": 0.6473511350424404,
        "(9, 16)": 0.42750272008433415,
        "(16, 9)": 0.42750272008433415,
        "(9, 17)": 0.49342267912199345,
        "(17, 9)": 0.49342267912199345,
        "(9, 18)": 0.4725003088687635,
        "(18, 9)": 0.4725003088687635,
        "(9, 19)": 0.10784952650424971,
        "(19, 9)": 0.10784952650424971,
        "(9, 20)": 0.5176603378625487,
        "(20, 9)": 0.5176603378625487,
        "(9, 21)": 0.6442693177750419,
        "(21, 9)": 0.6442693177750419,
        "(10, 11)": 0.5076422901947674,
        "(11, 10)": 0.5076422901947674,
        "(10, 12)": 0.16646959125700497,
        "(12, 10)": 0.16646959125700497,
        "(10, 13)": 0.8381634893265477,
        "(13, 10)": 0.8381634893265477,
        "(10, 14)": 0.4485610173914816,
        "(14, 10)": 0.4485610173914816,
        "(10, 15)": 0.289757635083662,
        "(15, 10)": 0.289757635083662,
        "(10, 16)": 0.48455429716968124,
        "(16, 10)": 0.48455429716968124,
        "(10, 17)": 0.23698977829381432,
        "(17, 10)": 0.23698977829381432,
        "(10, 18)": 0.5866432097232014,
        "(18, 10)": 0.5866432097232014,
        "(10, 19)": 0.6574219574051958,
        "(19, 10)": 0.6574219574051958,
        "(10, 20)": 0.04828139084911158,
        "(20, 10)": 0.04828139084911158,
        "(10, 21)": 0.3664348541930646,
        "(21, 10)": 0.3664348541930646,
        "(11, 12)": 0.49247624991829536,
        "(12, 11)": 0.49247624991829536,
        "(11, 13)": 0.8690486988344337,
        "(13, 11)": 0.8690486988344337,
        "(11, 14)": 0.8134716398181608,
        "(14, 11)": 0.8134716398181608,
        "(11, 15)": 0.2179029653841266,
        "(15, 11)": 0.2179029653841266,
        "(11, 16)": 0.9452999161346656,
        "(16, 11)": 0.9452999161346656,
        "(11, 17)": 0.33312869015962254,
        "(17, 11)": 0.33312869015962254,
        "(11, 18)": 1.044779392171286,
        "(18, 11)": 1.044779392171286,
        "(11, 19)": 0.8680538093810882,
        "(19, 11)": 0.8680538093810882,
        "(11, 20)": 0.5467197733667895,
        "(20, 11)": 0.5467197733667895,
        "(11, 21)": 0.15784840728744126,
        "(21, 11)": 0.15784840728744126,
        "(12, 13)": 0.987500253375922,
        "(13, 12)": 0.987500253375922,
        "(12, 14)": 0.6124812213248665,
        "(14, 12)": 0.6124812213248665,
        "(12, 15)": 0.29645247034124733,
        "(15, 12)": 0.29645247034124733,
        "(12, 16)": 0.6214758053981191,
        "(16, 12)": 0.6214758053981191,
        "(12, 17)": 0.3286698345718759,
        "(17, 12)": 0.3286698345718759,
        "(12, 18)": 0.721207571481959,
        "(18, 12)": 0.721207571481959,
        "(12, 19)": 0.822170580382325,
        "(19, 12)": 0.822170580382325,
        "(12, 20)": 0.20676194348406976,
        "(20, 12)": 0.20676194348406976,
        "(12, 21)": 0.38818254700585253,
        "(21, 12)": 0.38818254700585253,
        "(13, 14)": 0.5752981263867211,
        "(14, 13)": 0.5752981263867211,
        "(13, 15)": 0.8160954237216549,
        "(15, 13)": 0.8160954237216549,
        "(13, 16)": 0.8002149408581384,
        "(16, 13)": 0.8002149408581384,
        "(13, 17)": 0.6860927220558987,
        "(17, 13)": 0.6860927220558987,
        "(13, 18)": 0.8355587563492861,
        "(18, 13)": 0.8355587563492861,
        "(13, 19)": 0.30867760457935317,
        "(19, 13)": 0.30867760457935317,
        "(13, 20)": 0.8200296384356507,
        "(20, 13)": 0.8200296384356507,
        "(13, 21)": 0.770472368959983,
        "(21, 13)": 0.770472368959983,
        "(14, 15)": 0.631839979807325,
        "(15, 14)": 0.631839979807325,
        "(14, 16)": 0.22975742864584076,
        "(16, 14)": 0.22975742864584076,
        "(14, 17)": 0.4846505321376765,
        "(17, 14)": 0.4846505321376765,
        "(14, 18)": 0.29056386780011917,
        "(18, 14)": 0.29056386780011917,
        "(14, 19)": 0.28760292199922316,
        "(19, 14)": 0.28760292199922316,
        "(14, 20)": 0.405725262666672,
        "(20, 14)": 0.405725262666672,
        "(14, 21)": 0.6572296951521557,
        "(21, 14)": 0.6572296951521557,
        "(15, 16)": 0.7392509182944559,
        "(16, 15)": 0.7392509182944559,
        "(15, 17)": 0.1541919949332335,
        "(17, 15)": 0.1541919949332335,
        "(15, 18)": 0.8403574892938882,
        "(18, 15)": 0.8403574892938882,
        "(15, 19)": 0.7414031547173251,
        "(19, 15)": 0.7414031547173251,
        "(15, 20)": 0.32916786003183823,
        "(20, 15)": 0.32916786003183823,
        "(15, 21)": 0.09203641586340354,
        "(21, 15)": 0.09203641586340354,
        "(16, 17)": 0.614299290403295,
        "(17, 16)": 0.614299290403295,
        "(16, 18)": 0.1022897158950386,
        "(18, 16)": 0.1022897158950386,
        "(16, 19)": 0.5002624539248901,
        "(19, 16)": 0.5002624539248901,
        "(16, 20)": 0.43631079469698547,
        "(20, 16)": 0.43631079469698547,
        "(16, 21)": 0.7881638178745264,
        "(21, 16)": 0.7881638178745264,
        "(17, 18)": 0.7127507475258459,
        "(18, 17)": 0.7127507475258459,
        "(17, 19)": 0.5887830409493793,
        "(19, 17)": 0.5887830409493793,
        "(17, 20)": 0.2574914841232346,
        "(20, 17)": 0.2574914841232346,
        "(17, 21)": 0.17528307804783075,
        "(21, 17)": 0.17528307804783075,
        "(18, 19)": 0.528078241856472,
        "(19, 18)": 0.528078241856472,
        "(18, 20)": 0.5384265436588564,
        "(20, 18)": 0.5384265436588564,
        "(18, 21)": 0.887297365427094,
        "(21, 18)": 0.887297365427094,
        "(19, 20)": 0.62548824123127,
        "(20, 19)": 0.62548824123127,
        "(19, 21)": 0.7304777073743042,
        "(21, 19)": 0.7304777073743042,
        "(20, 21)": 0.40096664125657966,
        "(21, 20)": 0.40096664125657966
    },
    "statistics": {
        "avg_distance": 0.52,
        "min_distance": 0.025028559492440337,
        "max_distance": 1.1139072825381182
    }
}