{
    "instance_id": "LARGE_05",
    "group": "Large",
    "group_key": "large",
    "instance_number_in_group": 5,
    "parameters": {
        "I_range": [
            22,
            30
        ],
        "p_range": [
            13,
            20
        ]
    },
    "I": 23,
    "p": 18,
    "facilities": [
        [
            0.24781230823240596,
            0.37043451919101256
        ],
        [
            0.3227622008004193,
            0.86619164390247
        ],
        [
            0.09720887490636854,
            0.9411856187535097
        ],
        [
            0.7579829649873193,
            0.6549055673882554
        ],
        [
            0.5157892600867036,
            0.8620151205362953
        ],
        [
            0.7198368433145232,
            0.9007594611421611
        ],
        [
            0.9114120378420073,
            0.10354200974131422
        ],
        [
            0.9679029743885439,
            0.9592883176543588
        ],
        [
            0.43781314111923664,
            0.2736792569665142
        ],
        [
            0.42161595537496155,
            0.7319570195263976
        ],
        [
            0.43091276933425193,
            0.10322827706363669
        ],
        [
            0.9127260445659048,
            0.020715308785205777
        ],
        [
            0.42393599371637014,
            0.14741866249745816
        ],
        [
            0.32111040811704894,
            0.20309718184974812
        ],
        [
            0.7530568442706083,
            0.6103711994443808
        ],
        [
            0.7650585725407529,
            0.15024857855139762
        ],
        [
            0.5660876583155615,
            0.6064895386277082
        ],
        [
            0.1524403582202679,
            0.1737402797331875
        ],
        [
            0.8395165234122792,
            0.22441573622184408
        ],
        [
            0.2798745438123966,
            0.595609173534985
        ],
        [
            0.8974896764784654,
            0.4129340245709294
        ],
        [
            0.32836454139103777,
            0.6192385921581368
        ],
        [
            0.7896353120809734,
            0.5524282445826195
        ]
    ],
    "distanceMatrix": {
        "(0, 1)": 0.501390679109742,
        "(1, 0)": 0.501390679109742,
        "(0, 2)": 0.5902865505679337,
        "(2, 0)": 0.5902865505679337,
        "(0, 3)": 0.5841214567846124,
        "(3, 0)": 0.5841214567846124,
        "(0, 4)": 0.5598777851854012,
        "(4, 0)": 0.5598777851854012,
        "(0, 5)": 0.7099659891677755,
        "(5, 0)": 0.7099659891677755,
        "(0, 6)": 0.7152595422210691,
        "(6, 0)": 0.7152595422210691,
        "(0, 7)": 0.93020393648377,
        "(7, 0)": 0.93020393648377,
        "(0, 8)": 0.2132179571842409,
        "(8, 0)": 0.2132179571842409,
        "(0, 9)": 0.40113118304215944,
        "(9, 0)": 0.40113118304215944,
        "(0, 10)": 0.3239212167912785,
        "(10, 0)": 0.3239212167912785,
        "(0, 11)": 0.7512747852096692,
        "(11, 0)": 0.7512747852096692,
        "(0, 12)": 0.2841753418669789,
        "(12, 0)": 0.2841753418669789,
        "(0, 13)": 0.18268660573551426,
        "(13, 0)": 0.18268660573551426,
        "(0, 14)": 0.5593224934932131,
        "(14, 0)": 0.5593224934932131,
        "(0, 15)": 0.5621614949427721,
        "(15, 0)": 0.5621614949427721,
        "(0, 16)": 0.3962589692004636,
        "(16, 0)": 0.3962589692004636,
        "(0, 17)": 0.21859650657091934,
        "(17, 0)": 0.21859650657091934,
        "(0, 18)": 0.6094549722837832,
        "(18, 0)": 0.6094549722837832,
        "(0, 19)": 0.22744584390424524,
        "(19, 0)": 0.22744584390424524,
        "(0, 20)": 0.6510659649902332,
        "(20, 0)": 0.6510659649902332,
        "(0, 21)": 0.2615188884036346,
        "(21, 0)": 0.2615188884036346,
        "(0, 22)": 0.5715714159940124,
        "(22, 0)": 0.5715714159940124,
        "(1, 2)": 0.23769391890796496,
        "(2, 1)": 0.23769391890796496,
        "(1, 3)": 0.4837963618178622,
        "(3, 1)": 0.4837963618178622,
        "(1, 4)": 0.1930722376835647,
        "(4, 1)": 0.1930722376835647,
        "(1, 5)": 0.3985764741130868,
        "(5, 1)": 0.3985764741130868,
        "(1, 6)": 0.9634018347165595,
        "(6, 1)": 0.9634018347165595,
        "(1, 7)": 0.6518232953872924,
        "(7, 1)": 0.6518232953872924,
        "(1, 8)": 0.6035790317272361,
        "(8, 1)": 0.6035790317272361,
        "(1, 9)": 0.16670632613931935,
        "(9, 1)": 0.16670632613931935,
        "(1, 10)": 0.770590451934255,
        "(10, 1)": 0.770590451934255,
        "(1, 11)": 1.0309643884217663,
        "(11, 1)": 1.0309643884217663,
        "(1, 12)": 0.7258586192715832,
        "(12, 1)": 0.7258586192715832,
        "(1, 13)": 0.6630965193876812,
        "(13, 1)": 0.6630965193876812,
        "(1, 14)": 0.5005972233261701,
        "(14, 1)": 0.5005972233261701,
        "(1, 15)": 0.841546524726324,
        "(15, 1)": 0.841546524726324,
        "(1, 16)": 0.35588265166919386,
        "(16, 1)": 0.35588265166919386,
        "(1, 17)": 0.7130907528497324,
        "(17, 1)": 0.7130907528497324,
        "(1, 18)": 0.8239607670376871,
        "(18, 1)": 0.8239607670376871,
        "(1, 19)": 0.2739602606074341,
        "(19, 1)": 0.2739602606074341,
        "(1, 20)": 0.73195228039904,
        "(20, 1)": 0.73195228039904,
        "(1, 21)": 0.24701659050746494,
        "(21, 1)": 0.24701659050746494,
        "(1, 22)": 0.5625104201608471,
        "(22, 1)": 0.5625104201608471,
        "(2, 3)": 0.7201240628752806,
        "(3, 2)": 0.7201240628752806,
        "(2, 4)": 0.4260017683598034,
        "(4, 2)": 0.4260017683598034,
        "(2, 5)": 0.6239389884141587,
        "(5, 2)": 0.6239389884141587,
        "(2, 6)": 1.1681496506241715,
        "(6, 2)": 1.1681496506241715,
        "(2, 7)": 0.8708822667735123,
        "(7, 2)": 0.8708822667735123,
        "(2, 8)": 0.7493837529520624,
        "(8, 2)": 0.7493837529520624,
        "(2, 9)": 0.3860266319733597,
        "(9, 2)": 0.3860266319733597,
        "(2, 10)": 0.9019594201782554,
        "(10, 2)": 0.9019594201782554,
        "(2, 11)": 1.2297698343765986,
        "(11, 2)": 1.2297698343765986,
        "(2, 12)": 0.8583802135475173,
        "(12, 2)": 0.8583802135475173,
        "(2, 13)": 0.7713017809295734,
        "(13, 2)": 0.7713017809295734,
        "(2, 14)": 0.7345575123446992,
        "(14, 2)": 0.7345575123446992,
        "(2, 15)": 1.0351833751534152,
        "(15, 2)": 1.0351833751534152,
        "(2, 16)": 0.5760805322026269,
        "(16, 2)": 0.5760805322026269,
        "(2, 17)": 0.7694302210942008,
        "(17, 2)": 0.7694302210942008,
        "(2, 18)": 1.0318816354286147,
        "(18, 2)": 1.0318816354286147,
        "(2, 19)": 0.3908833919300725,
        "(19, 2)": 0.3908833919300725,
        "(2, 20)": 0.9589051611714869,
        "(20, 2)": 0.9589051611714869,
        "(2, 21)": 0.396336763474666,
        "(21, 2)": 0.396336763474666,
        "(2, 22)": 0.7940948727139362,
        "(22, 2)": 0.7940948727139362,
        "(3, 4)": 0.31867249284911187,
        "(4, 3)": 0.31867249284911187,
        "(3, 5)": 0.2487956263133106,
        "(5, 3)": 0.2487956263133106,
        "(3, 6)": 0.5723130726255875,
        "(6, 3)": 0.5723130726255875,
        "(3, 7)": 0.36975027925150683,
        "(7, 3)": 0.36975027925150683,
        "(3, 8)": 0.49783753963867866,
        "(8, 3)": 0.49783753963867866,
        "(3, 9)": 0.34507925384200716,
        "(9, 3)": 0.34507925384200716,
        "(3, 10)": 0.6413444827426595,
        "(10, 3)": 0.6413444827426595,
        "(3, 11)": 0.6527960667654695,
        "(11, 3)": 0.6527960667654695,
        "(3, 12)": 0.6075609744304974,
        "(12, 3)": 0.6075609744304974,
        "(3, 13)": 0.6284810643044706,
        "(13, 3)": 0.6284810643044706,
        "(3, 14)": 0.04480598836624432,
        "(14, 3)": 0.04480598836624432,
        "(3, 15)": 0.504706588627625,
        "(15, 3)": 0.504706588627625,
        "(3, 16)": 0.19790886934038637,
        "(16, 3)": 0.19790886934038637,
        "(3, 17)": 0.7734351185810094,
        "(17, 3)": 0.7734351185810094,
        "(3, 18)": 0.4381429171938327,
        "(18, 3)": 0.4381429171938327,
        "(3, 19)": 0.481771444486262,
        "(19, 3)": 0.481771444486262,
        "(3, 20)": 0.27930691019820997,
        "(20, 3)": 0.27930691019820997,
        "(3, 21)": 0.43109641962723366,
        "(21, 3)": 0.43109641962723366,
        "(3, 22)": 0.1072542435801384,
        "(22, 3)": 0.1072542435801384,
        "(4, 5)": 0.2076933801306564,
        "(5, 4)": 0.2076933801306564,
        "(4, 6)": 0.8554524195288935,
        "(6, 4)": 0.8554524195288935,
        "(4, 7)": 0.46245960422222365,
        "(7, 4)": 0.46245960422222365,
        "(4, 8)": 0.5934807187193436,
        "(8, 4)": 0.5934807187193436,
        "(4, 9)": 0.1605731016036975,
        "(9, 4)": 0.1605731016036975,
        "(4, 10)": 0.763519150060856,
        "(10, 4)": 0.763519150060856,
        "(4, 11)": 0.930238778016218,
        "(11, 4)": 0.930238778016218,
        "(4, 12)": 0.7204756209508764,
        "(12, 4)": 0.7204756209508764,
        "(4, 13)": 0.6870754728027707,
        "(13, 4)": 0.6870754728027707,
        "(4, 14)": 0.34586206719873164,
        "(14, 4)": 0.34586206719873164,
        "(4, 15)": 0.7541530351463511,
        "(15, 4)": 0.7541530351463511,
        "(4, 16)": 0.26042897664067804,
        "(16, 4)": 0.26042897664067804,
        "(4, 17)": 0.778296011148771,
        "(17, 4)": 0.778296011148771,
        "(4, 18)": 0.7150750421448323,
        "(18, 4)": 0.7150750421448323,
        "(4, 19)": 0.35584811640986896,
        "(19, 4)": 0.35584811640986896,
        "(4, 20)": 0.5893802156732939,
        "(20, 4)": 0.5893802156732939,
        "(4, 21)": 0.30670583285862074,
        "(21, 4)": 0.30670583285862074,
        "(4, 22)": 0.41332274792903057,
        "(22, 4)": 0.41332274792903057,
        "(5, 6)": 0.8199126294772542,
        "(6, 5)": 0.8199126294772542,
        "(5, 7)": 0.2548772889660015,
        "(7, 5)": 0.2548772889660015,
        "(5, 8)": 0.6875805051547831,
        "(8, 5)": 0.6875805051547831,
        "(5, 9)": 0.34268055430517774,
        "(9, 5)": 0.34268055430517774,
        "(5, 10)": 0.8482529752986726,
        "(10, 5)": 0.8482529752986726,
        "(5, 11)": 0.9009350443051197,
        "(11, 5)": 0.9009350443051197,
        "(5, 12)": 0.8093699226531387,
        "(12, 5)": 0.8093699226531387,
        "(5, 13)": 0.8035642015873843,
        "(13, 5)": 0.8035642015873843,
        "(5, 14)": 0.2922822454330417,
        "(14, 5)": 0.2922822454330417,
        "(5, 15)": 0.7518720567233346,
        "(15, 5)": 0.7518720567233346,
        "(5, 16)": 0.33201445628843795,
        "(16, 5)": 0.33201445628843795,
        "(5, 17)": 0.922223216707262,
        "(17, 5)": 0.922223216707262,
        "(5, 18)": 0.6868508281041749,
        "(18, 5)": 0.6868508281041749,
        "(5, 19)": 0.5354283546936427,
        "(19, 5)": 0.5354283546936427,
        "(5, 20)": 0.519166818755868,
        "(20, 5)": 0.519166818755868,
        "(5, 21)": 0.4821872694781486,
        "(21, 5)": 0.4821872694781486,
        "(5, 22)": 0.35525548929184947,
        "(22, 5)": 0.35525548929184947,
        "(6, 7)": 0.8576088673857752,
        "(7, 6)": 0.8576088673857752,
        "(6, 8)": 0.503232151069856,
        "(8, 6)": 0.503232151069856,
        "(6, 9)": 0.7967469026756562,
        "(9, 6)": 0.7967469026756562,
        "(6, 10)": 0.4804993709305778,
        "(10, 6)": 0.4804993709305778,
        "(6, 11)": 0.08283712335024113,
        "(11, 6)": 0.08283712335024113,
        "(6, 12)": 0.4894466817268898,
        "(12, 6)": 0.4894466817268898,
        "(6, 13)": 0.5986378256921975,
        "(13, 6)": 0.5986378256921975,
        "(6, 14)": 0.5309917088487374,
        "(14, 6)": 0.5309917088487374,
        "(6, 15)": 0.15362565012294177,
        "(15, 6)": 0.15362565012294177,
        "(6, 16)": 0.6100861774440188,
        "(16, 6)": 0.6100861774440188,
        "(6, 17)": 0.7622111305784612,
        "(17, 6)": 0.7622111305784612,
        "(6, 18)": 0.14063933570806278,
        "(18, 6)": 0.14063933570806278,
        "(6, 19)": 0.8006058331346005,
        "(19, 6)": 0.8006058331346005,
        "(6, 20)": 0.3097051032615799,
        "(20, 6)": 0.3097051032615799,
        "(6, 21)": 0.7783876593537015,
        "(21, 6)": 0.7783876593537015,
        "(6, 22)": 0.4651111939816989,
        "(22, 6)": 0.4651111939816989,
        "(7, 8)": 0.8666343031710381,
        "(8, 7)": 0.8666343031710381,
        "(7, 9)": 0.5917001151354376,
        "(9, 7)": 0.5917001151354376,
        "(7, 10)": 1.0105430586671897,
        "(10, 7)": 1.0105430586671897,
        "(7, 11)": 0.9401934835779004,
        "(11, 7)": 0.9401934835779004,
        "(7, 12)": 0.977257598090793,
        "(12, 7)": 0.977257598090793,
        "(7, 13)": 0.9950706797275927,
        "(13, 7)": 0.9950706797275927,
        "(7, 14)": 0.4097584837518422,
        "(14, 7)": 0.4097584837518422,
        "(7, 15)": 0.8340810217291698,
        "(15, 7)": 0.8340810217291698,
        "(7, 16)": 0.5347172399628857,
        "(16, 7)": 0.5347172399628857,
        "(7, 17)": 1.1322830910376658,
        "(17, 7)": 1.1322830910376658,
        "(7, 18)": 0.7460032116121008,
        "(18, 7)": 0.7460032116121008,
        "(7, 19)": 0.7782323824851267,
        "(19, 7)": 0.7782323824851267,
        "(7, 20)": 0.5508729854451635,
        "(20, 7)": 0.5508729854451635,
        "(7, 21)": 0.7243225960102042,
        "(21, 7)": 0.7243225960102042,
        "(7, 22)": 0.44420094381321057,
        "(22, 7)": 0.44420094381321057,
        "(8, 9)": 0.45856390665089136,
        "(9, 8)": 0.45856390665089136,
        "(8, 10)": 0.1705905966946073,
        "(10, 8)": 0.1705905966946073,
        "(8, 11)": 0.5380827305718145,
        "(11, 8)": 0.5380827305718145,
        "(8, 12)": 0.12702091534751395,
        "(12, 8)": 0.12702091534751395,
        "(8, 13)": 0.1363867926815816,
        "(13, 8)": 0.1363867926815816,
        "(8, 14)": 0.461237527209256,
        "(14, 8)": 0.461237527209256,
        "(8, 15)": 0.3497494885775678,
        "(15, 8)": 0.3497494885775678,
        "(8, 16)": 0.35667497156564476,
        "(16, 8)": 0.35667497156564476,
        "(8, 17)": 0.3023663744366184,
        "(17, 8)": 0.3023663744366184,
        "(8, 18)": 0.40471286342520774,
        "(18, 8)": 0.40471286342520774,
        "(8, 19)": 0.35858537574897664,
        "(19, 8)": 0.35858537574897664,
        "(8, 20)": 0.48030657653255593,
        "(20, 8)": 0.48030657653255593,
        "(8, 21)": 0.3624779305289354,
        "(21, 8)": 0.3624779305289354,
        "(8, 22)": 0.44886505553142936,
        "(22, 8)": 0.44886505553142936,
        "(9, 10)": 0.6287974732364932,
        "(10, 9)": 0.6287974732364932,
        "(9, 11)": 0.8643227931757865,
        "(11, 9)": 0.8643227931757865,
        "(9, 12)": 0.5845429611380137,
        "(12, 9)": 0.5845429611380137,
        "(9, 13)": 0.5383252668573012,
        "(13, 9)": 0.5383252668573012,
        "(9, 14)": 0.35303848866228876,
        "(14, 9)": 0.35303848866228876,
        "(9, 15)": 0.6755276023873883,
        "(15, 9)": 0.6755276023873883,
        "(9, 16)": 0.19134827334893817,
        "(16, 9)": 0.19134827334893817,
        "(9, 17)": 0.6197269000849861,
        "(17, 9)": 0.6197269000849861,
        "(9, 18)": 0.6574488870051769,
        "(18, 9)": 0.6574488870051769,
        "(9, 19)": 0.19667578106682676,
        "(19, 9)": 0.19667578106682676,
        "(9, 20)": 0.5729148887463583,
        "(20, 9)": 0.5729148887463583,
        "(9, 21)": 0.14629172935738716,
        "(21, 9)": 0.14629172935738716,
        "(9, 22)": 0.40947384280698623,
        "(22, 9)": 0.40947384280698623,
        "(10, 11)": 0.48882759959270894,
        "(11, 10)": 0.48882759959270894,
        "(10, 12)": 0.04473774203971376,
        "(12, 10)": 0.04473774203971376,
        "(10, 13)": 0.14842626678607299,
        "(13, 10)": 0.14842626678607299,
        "(10, 14)": 0.6008084126720282,
        "(14, 10)": 0.6008084126720282,
        "(10, 15)": 0.3374378854730417,
        "(15, 10)": 0.3374378854730417,
        "(10, 16)": 0.521098981002813,
        "(16, 10)": 0.521098981002813,
        "(10, 17)": 0.2872609027906626,
        "(17, 10)": 0.2872609027906626,
        "(10, 18)": 0.4261964665548967,
        "(18, 10)": 0.4261964665548967,
        "(10, 19)": 0.5150257205021118,
        "(19, 10)": 0.5150257205021118,
        "(10, 20)": 0.5600104109026108,
        "(20, 10)": 0.5600104109026108,
        "(10, 21)": 0.5261014962326364,
        "(21, 10)": 0.5261014962326364,
        "(10, 22)": 0.5748586552307694,
        "(22, 10)": 0.5748586552307694,
        "(11, 12)": 0.5049450006202881,
        "(12, 11)": 0.5049450006202881,
        "(11, 13)": 0.619089822976695,
        "(13, 11)": 0.619089822976695,
        "(11, 14)": 0.6108914166298332,
        "(14, 11)": 0.6108914166298332,
        "(11, 15)": 0.19642950458273836,
        "(15, 11)": 0.19642950458273836,
        "(11, 16)": 0.6806538174210286,
        "(16, 11)": 0.6806538174210286,
        "(11, 17)": 0.7755326985986386,
        "(17, 11)": 0.7755326985986386,
        "(11, 18)": 0.21645668879804175,
        "(18, 11)": 0.21645668879804175,
        "(11, 19)": 0.8549877061881679,
        "(19, 11)": 0.8549877061881679,
        "(11, 20)": 0.39251454485801945,
        "(20, 11)": 0.39251454485801945,
        "(11, 21)": 0.836485796133027,
        "(21, 11)": 0.836485796133027,
        "(11, 22)": 0.5457746554375548,
        "(22, 11)": 0.5457746554375548,
        "(12, 13)": 0.11693245302783424,
        "(13, 12)": 0.11693245302783424,
        "(12, 14)": 0.5680190012095871,
        "(14, 12)": 0.5680190012095871,
        "(12, 15)": 0.3411343169613248,
        "(15, 12)": 0.3411343169613248,
        "(12, 16)": 0.48057586816164244,
        "(16, 12)": 0.48057586816164244,
        "(12, 17)": 0.272768597216279,
        "(17, 12)": 0.272768597216279,
        "(12, 18)": 0.42265319828962716,
        "(18, 12)": 0.42265319828962716,
        "(12, 19)": 0.47077429361904893,
        "(19, 12)": 0.47077429361904893,
        "(12, 20)": 0.542910211687485,
        "(20, 12)": 0.542910211687485,
        "(12, 21)": 0.48140206535138697,
        "(21, 12)": 0.48140206535138697,
        "(12, 22)": 0.545681915618552,
        "(22, 12)": 0.545681915618552,
        "(13, 14)": 0.5936748681841215,
        "(14, 13)": 0.5936748681841215,
        "(13, 15)": 0.44708270774629894,
        "(15, 13)": 0.44708270774629894,
        "(13, 16)": 0.47195258937916806,
        "(16, 13)": 0.47195258937916806,
        "(13, 17)": 0.17120576343705232,
        "(17, 13)": 0.17120576343705232,
        "(13, 18)": 0.518844274456226,
        "(18, 13)": 0.518844274456226,
        "(13, 19)": 0.3946720918961248,
        "(19, 13)": 0.3946720918961248,
        "(13, 20)": 0.6133877742179376,
        "(20, 13)": 0.6133877742179376,
        "(13, 21)": 0.41620463214987347,
        "(21, 13)": 0.41620463214987347,
        "(13, 22)": 0.5844208903046519,
        "(22, 13)": 0.5844208903046519,
        "(14, 15)": 0.46027911938181415,
        "(15, 14)": 0.46027911938181415,
        "(14, 16)": 0.18700947512730082,
        "(16, 14)": 0.18700947512730082,
        "(14, 17)": 0.7425541888396436,
        "(17, 14)": 0.7425541888396436,
        "(14, 18)": 0.39552104331957305,
        "(18, 14)": 0.39552104331957305,
        "(14, 19)": 0.47341251237781506,
        "(19, 14)": 0.47341251237781506,
        "(14, 20)": 0.24462681995560676,
        "(20, 14)": 0.24462681995560676,
        "(14, 21)": 0.42478486646618285,
        "(21, 14)": 0.42478486646618285,
        "(14, 22)": 0.06852277231304947,
        "(22, 14)": 0.06852277231304947,
        "(15, 16)": 0.4977401313526588,
        "(16, 15)": 0.4977401313526588,
        "(15, 17)": 0.6130684599142532,
        "(17, 15)": 0.6130684599142532,
        "(15, 18)": 0.10509402325964826,
        "(18, 15)": 0.10509402325964826,
        "(15, 19)": 0.6585966909248887,
        "(19, 15)": 0.6585966909248887,
        "(15, 20)": 0.2941796064322637,
        "(20, 15)": 0.2941796064322637,
        "(15, 21)": 0.6408223698534858,
        "(21, 15)": 0.6408223698534858,
        "(15, 22)": 0.40292989451691597,
        "(22, 15)": 0.40292989451691597,
        "(16, 17)": 0.5986451452654424,
        "(17, 16)": 0.5986451452654424,
        "(16, 18)": 0.469833730965492,
        "(18, 16)": 0.469833730965492,
        "(16, 19)": 0.2864198478774694,
        "(19, 16)": 0.2864198478774694,
        "(16, 20)": 0.38378514127598734,
        "(20, 16)": 0.38378514127598734,
        "(16, 21)": 0.23806473633495684,
        "(21, 16)": 0.23806473633495684,
        "(16, 22)": 0.2299916890190817,
        "(22, 16)": 0.2299916890190817,
        "(17, 18)": 0.6889424204280745,
        "(18, 17)": 0.6889424204280745,
        "(17, 19)": 0.44069585341262446,
        "(19, 17)": 0.44069585341262446,
        "(17, 20)": 0.7825037598673298,
        "(20, 17)": 0.7825037598673298,
        "(17, 21)": 0.4789760584807766,
        "(21, 17)": 0.4789760584807766,
        "(17, 22)": 0.7412300479253059,
        "(22, 17)": 0.7412300479253059,
        "(18, 19)": 0.6715532095335559,
        "(19, 18)": 0.6715532095335559,
        "(18, 20)": 0.19723090913572433,
        "(20, 18)": 0.19723090913572433,
        "(18, 21)": 0.6458803575693676,
        "(21, 18)": 0.6458803575693676,
        "(18, 22)": 0.3317835753695565,
        "(22, 18)": 0.3317835753695565,
        "(19, 20)": 0.6440641754880997,
        "(20, 19)": 0.6440641754880997,
        "(19, 21)": 0.05394097968747674,
        "(21, 19)": 0.05394097968747674,
        "(19, 22)": 0.5115863890790673,
        "(22, 19)": 0.5115863890790673,
        "(20, 21)": 0.605363522187807,
        "(21, 20)": 0.605363522187807,
        "(20, 22)": 0.17632697279842585,
        "(22, 20)": 0.17632697279842585,
        "(21, 22)": 0.46608405511886863,
        "(22, 21)": 0.46608405511886863
    },
    "statistics": {
        "avg_distance": 0.53,
        "min_distance": 0.04473774203971376,
        "max_distance": 1.2297698343765986
    }
}