{
    "instance_id": "LARGE_06",
    "group": "Large",
    "group_key": "large",
    "instance_number_in_group": 6,
    "parameters": {
        "I_range": [
            22,
            30
        ],
        "p_range": [
            13,
            20
        ]
    },
    "I": 22,
    "p": 13,
    "facilities": [
        [
            0.6394969622629567,
            0.5734190363273187
        ],
        [
            0.40731215902436846,
            0.7280571844954142
        ],
        [
            0.07746616866442291,
            0.4329487271349216
        ],
        [
            0.9036602398812564,
            0.6725771596122717
        ],
        [
            0.7485615054662337,
            0.012110041886462475
        ],
        [
            0.9387080146873057,
            0.5989736186777773
        ],
        [
            0.4265302892063947,
            0.26320590281877554
        ],
        [
            0.3893022166160739,
            0.24795971725734234
        ],
        [
            0.9100527234406751,
            0.8591852098818498
        ],
        [
            0.7680006980099006,
            0.15164312149111503
        ],
        [
            0.8003636593174455,
            0.35549195672313005
        ],
        [
            0.6790405225485127,
            0.9006809539845027
        ],
        [
            0.3394478874789896,
            0.09224381637239898
        ],
        [
            0.48126101429741996,
            0.7550243737875307
        ],
        [
            0.3123030921714426,
            0.7244886514872289
        ],
        [
            0.9890053568794626,
            0.05239696031106833
        ],
        [
            0.631122668332869,
            0.42917212360037427
        ],
        [
            0.6958002411634523,
            0.30603879316195504
        ],
        [
            0.19443977611229102,
            0.5959995645703644
        ],
        [
            0.8149675221108045,
            0.3663595035145687
        ],
        [
            0.11964343933902744,
            0.23924016771560497
        ],
        [
            0.014406636369801329,
            0.19068145457184316
        ]
    ],
    "distanceMatrix": {
        "(0, 1)": 0.27896727357129153,
        "(1, 0)": 0.27896727357129153,
        "(0, 2)": 0.5793190146349465,
        "(2, 0)": 0.5793190146349465,
        "(0, 3)": 0.28216054057120893,
        "(3, 0)": 0.28216054057120893,
        "(0, 4)": 0.5718066647253638,
        "(4, 0)": 0.5718066647253638,
        "(0, 5)": 0.30030033395251643,
        "(5, 0)": 0.30030033395251643,
        "(0, 6)": 0.3762804699077137,
        "(6, 0)": 0.3762804699077137,
        "(0, 7)": 0.4105133117437254,
        "(7, 0)": 0.4105133117437254,
        "(0, 8)": 0.3935260167440686,
        "(8, 0)": 0.3935260167440686,
        "(0, 9)": 0.44091737597517855,
        "(9, 0)": 0.44091737597517855,
        "(0, 10)": 0.2708695373164562,
        "(10, 0)": 0.2708695373164562,
        "(0, 11)": 0.32964231510641173,
        "(11, 0)": 0.32964231510641173,
        "(0, 12)": 0.5670617599321789,
        "(12, 0)": 0.5670617599321789,
        "(0, 13)": 0.24087157122124134,
        "(13, 0)": 0.24087157122124134,
        "(0, 14)": 0.3603857062232435,
        "(14, 0)": 0.3603857062232435,
        "(0, 15)": 0.6273915217818061,
        "(15, 0)": 0.6273915217818061,
        "(0, 16)": 0.1444897942073496,
        "(16, 0)": 0.1444897942073496,
        "(0, 17)": 0.27324394531282115,
        "(17, 0)": 0.27324394531282115,
        "(0, 18)": 0.4456296435383123,
        "(18, 0)": 0.4456296435383123,
        "(0, 19)": 0.2714103304996909,
        "(19, 0)": 0.2714103304996909,
        "(0, 20)": 0.6179993539826925,
        "(20, 0)": 0.6179993539826925,
        "(0, 21)": 0.7329570055693857,
        "(21, 0)": 0.7329570055693857,
        "(1, 2)": 0.4425916616501298,
        "(2, 1)": 0.4425916616501298,
        "(1, 3)": 0.4994391359628818,
        "(3, 1)": 0.4994391359628818,
        "(1, 4)": 0.7931150152764244,
        "(4, 1)": 0.7931150152764244,
        "(1, 5)": 0.5468492684277281,
        "(5, 1)": 0.5468492684277281,
        "(1, 6)": 0.4652483751762138,
        "(6, 1)": 0.4652483751762138,
        "(1, 7)": 0.4804351528291426,
        "(7, 1)": 0.4804351528291426,
        "(1, 8)": 0.5195600390247236,
        "(8, 1)": 0.5195600390247236,
        "(1, 9)": 0.6799627888235076,
        "(9, 1)": 0.6799627888235076,
        "(1, 10)": 0.541566552537777,
        "(10, 1)": 0.541566552537777,
        "(1, 11)": 0.32192432237426766,
        "(11, 1)": 0.32192432237426766,
        "(1, 12)": 0.6394248966347165,
        "(12, 1)": 0.6394248966347165,
        "(1, 13)": 0.07871253073375015,
        "(13, 1)": 0.07871253073375015,
        "(1, 14)": 0.09507606014183721,
        "(14, 1)": 0.09507606014183721,
        "(1, 15)": 0.8915625132180728,
        "(15, 1)": 0.8915625132180728,
        "(1, 16)": 0.3733944612647089,
        "(16, 1)": 0.3733944612647089,
        "(1, 17)": 0.5111994680748088,
        "(17, 1)": 0.5111994680748088,
        "(1, 18)": 0.2505072182331979,
        "(18, 1)": 0.2505072182331979,
        "(1, 19)": 0.5449845020549259,
        "(19, 1)": 0.5449845020549259,
        "(1, 20)": 0.5671819533261929,
        "(20, 1)": 0.5671819533261929,
        "(1, 21)": 0.6656931912250188,
        "(21, 1)": 0.6656931912250188,
        "(2, 3)": 0.8602432382561331,
        "(3, 2)": 0.8602432382561331,
        "(2, 4)": 0.7921326593941115,
        "(4, 2)": 0.7921326593941115,
        "(2, 5)": 0.8770985018529674,
        "(5, 2)": 0.8770985018529674,
        "(2, 6)": 0.3881473774954073,
        "(6, 2)": 0.3881473774954073,
        "(2, 7)": 0.36257779107053906,
        "(7, 2)": 0.36257779107053906,
        "(2, 8)": 0.935349084790626,
        "(8, 2)": 0.935349084790626,
        "(2, 9)": 0.7456344814887581,
        "(9, 2)": 0.7456344814887581,
        "(2, 10)": 0.7270353040087268,
        "(10, 2)": 0.7270353040087268,
        "(2, 11)": 0.7620138707954914,
        "(11, 2)": 0.7620138707954914,
        "(2, 12)": 0.42978396574410865,
        "(12, 2)": 0.42978396574410865,
        "(2, 13)": 0.5165104060195421,
        "(13, 2)": 0.5165104060195421,
        "(2, 14)": 0.3743579946169052,
        "(14, 2)": 0.3743579946169052,
        "(2, 15)": 0.9877870918798696,
        "(15, 2)": 0.9877870918798696,
        "(2, 16)": 0.5536693800088399,
        "(16, 2)": 0.5536693800088399,
        "(2, 17)": 0.6312235392903671,
        "(17, 2)": 0.6312235392903671,
        "(2, 18)": 0.20066987922398105,
        "(18, 2)": 0.20066987922398105,
        "(2, 19)": 0.740501432164453,
        "(19, 2)": 0.740501432164453,
        "(2, 20)": 0.19824713908116245,
        "(20, 2)": 0.19824713908116245,
        "(2, 21)": 0.2503396412244161,
        "(21, 2)": 0.2503396412244161,
        "(3, 4)": 0.6784338073933077,
        "(4, 3)": 0.6784338073933077,
        "(3, 5)": 0.08152194647425522,
        "(5, 3)": 0.08152194647425522,
        "(3, 6)": 0.628679422058399,
        "(6, 3)": 0.628679422058399,
        "(3, 7)": 0.6669813703914884,
        "(7, 3)": 0.6669813703914884,
        "(3, 8)": 0.18671750927931427,
        "(8, 3)": 0.18671750927931427,
        "(3, 9)": 0.5383082605477654,
        "(9, 3)": 0.5383082605477654,
        "(3, 10)": 0.33348644567272,
        "(10, 3)": 0.33348644567272,
        "(3, 11)": 0.3201333447512938,
        "(11, 3)": 0.3201333447512938,
        "(3, 12)": 0.8093962984096651,
        "(12, 3)": 0.8093962984096651,
        "(3, 13)": 0.4303703624775826,
        "(13, 3)": 0.4303703624775826,
        "(3, 14)": 0.5936312652953603,
        "(14, 3)": 0.5936312652953603,
        "(3, 15)": 0.6260249744225208,
        "(15, 3)": 0.6260249744225208,
        "(3, 16)": 0.36540763465128295,
        "(16, 3)": 0.36540763465128295,
        "(3, 17)": 0.42137412491399157,
        "(17, 3)": 0.42137412491399157,
        "(3, 18)": 0.7133426906410892,
        "(18, 3)": 0.7133426906410892,
        "(3, 19)": 0.31880346781595736,
        "(19, 3)": 0.31880346781595736,
        "(3, 20)": 0.8958031547603107,
        "(20, 3)": 0.8958031547603107,
        "(3, 21)": 1.0114323713894666,
        "(21, 3)": 1.0114323713894666,
        "(4, 5)": 0.6168991430803374,
        "(5, 4)": 0.6168991430803374,
        "(4, 6)": 0.4083543015851929,
        "(6, 4)": 0.4083543015851929,
        "(4, 7)": 0.42975842748883,
        "(7, 4)": 0.42975842748883,
        "(4, 8)": 0.8623315799141779,
        "(8, 4)": 0.8623315799141779,
        "(4, 9)": 0.1408806676258601,
        "(9, 4)": 0.1408806676258601,
        "(4, 10)": 0.34726733589631065,
        "(10, 4)": 0.34726733589631065,
        "(4, 11)": 0.8912863921841223,
        "(11, 4)": 0.8912863921841223,
        "(4, 12)": 0.41688772377700883,
        "(12, 4)": 0.41688772377700883,
        "(4, 13)": 0.7895386356113927,
        "(13, 4)": 0.7895386356113927,
        "(4, 14)": 0.8353470455967447,
        "(14, 4)": 0.8353470455967447,
        "(4, 15)": 0.24379557313162548,
        "(15, 4)": 0.24379557313162548,
        "(4, 16)": 0.43328127177478903,
        "(16, 4)": 0.43328127177478903,
        "(4, 17)": 0.298626626135712,
        "(17, 4)": 0.298626626135712,
        "(4, 18)": 0.8049707234690209,
        "(18, 4)": 0.8049707234690209,
        "(4, 19)": 0.3604198109294245,
        "(19, 4)": 0.3604198109294245,
        "(4, 20)": 0.6686748297643236,
        "(20, 4)": 0.6686748297643236,
        "(4, 21)": 0.7555601374122726,
        "(21, 4)": 0.7555601374122726,
        "(5, 6)": 0.6124263069888252,
        "(6, 5)": 0.6124263069888252,
        "(5, 7)": 0.6519643318040351,
        "(7, 5)": 0.6519643318040351,
        "(5, 8)": 0.2617846403312932,
        "(8, 5)": 0.2617846403312932,
        "(5, 9)": 0.47879594994158664,
        "(9, 5)": 0.47879594994158664,
        "(5, 10)": 0.2800401406421931,
        "(10, 5)": 0.2800401406421931,
        "(5, 11)": 0.3980634656076025,
        "(11, 5)": 0.3980634656076025,
        "(5, 12)": 0.7847851888295134,
        "(12, 5)": 0.7847851888295134,
        "(5, 13)": 0.48333176632208685,
        "(13, 5)": 0.48333176632208685,
        "(5, 14)": 0.6388561265365326,
        "(14, 5)": 0.6388561265365326,
        "(5, 15)": 0.5488860228707897,
        "(15, 5)": 0.5488860228707897,
        "(5, 16)": 0.35134213100978956,
        "(16, 5)": 0.35134213100978956,
        "(5, 17)": 0.3805456588089015,
        "(17, 5)": 0.3805456588089015,
        "(5, 18)": 0.7442741806279382,
        "(18, 5)": 0.7442741806279382,
        "(5, 19)": 0.26347872034803427,
        "(19, 5)": 0.26347872034803427,
        "(5, 20)": 0.894580870761056,
        "(20, 5)": 0.894580870761056,
        "(5, 21)": 1.0104630271464392,
        "(21, 5)": 1.0104630271464392,
        "(6, 7)": 0.04022903880238563,
        "(7, 6)": 0.04022903880238563,
        "(6, 8)": 0.767453763333809,
        "(8, 6)": 0.767453763333809,
        "(6, 9)": 0.3592329248078422,
        "(9, 6)": 0.3592329248078422,
        "(6, 10)": 0.38505597561110944,
        "(10, 6)": 0.38505597561110944,
        "(6, 11)": 0.6856645380951514,
        "(11, 6)": 0.6856645380951514,
        "(6, 12)": 0.19186291901436164,
        "(12, 6)": 0.19186291901436164,
        "(6, 13)": 0.49485438328364206,
        "(13, 6)": 0.49485438328364206,
        "(6, 14)": 0.47521534777570607,
        "(14, 6)": 0.47521534777570607,
        "(6, 15)": 0.6006817892986603,
        "(15, 6)": 0.6006817892986603,
        "(6, 16)": 0.2634441649328324,
        "(16, 6)": 0.2634441649328324,
        "(6, 17)": 0.2726553933486498,
        "(17, 6)": 0.2726553933486498,
        "(6, 18)": 0.4057309793081066,
        "(18, 6)": 0.4057309793081066,
        "(6, 19)": 0.40190067086649883,
        "(19, 6)": 0.40190067086649883,
        "(6, 20)": 0.30782120635289467,
        "(20, 6)": 0.30782120635289467,
        "(6, 21)": 0.41845633084098377,
        "(21, 6)": 0.41845633084098377,
        "(7, 8)": 0.8029805061096755,
        "(8, 7)": 0.8029805061096755,
        "(7, 9)": 0.39075494421694185,
        "(9, 7)": 0.39075494421694185,
        "(7, 10)": 0.4248937422465298,
        "(10, 7)": 0.4248937422465298,
        "(7, 11)": 0.7141381510598864,
        "(11, 7)": 0.7141381510598864,
        "(7, 12)": 0.16350197528506571,
        "(12, 7)": 0.16350197528506571,
        "(7, 13)": 0.5153357996229999,
        "(13, 7)": 0.5153357996229999,
        "(7, 14)": 0.48270973713351933,
        "(14, 7)": 0.48270973713351933,
        "(7, 15)": 0.6307841535312987,
        "(15, 7)": 0.6307841535312987,
        "(7, 16)": 0.3021838299465194,
        "(16, 7)": 0.3021838299465194,
        "(7, 17)": 0.31195226896013933,
        "(17, 7)": 0.31195226896013933,
        "(7, 18)": 0.39887730699647733,
        "(18, 7)": 0.39887730699647733,
        "(7, 19)": 0.44182514831964825,
        "(19, 7)": 0.44182514831964825,
        "(7, 20)": 0.26979971591305013,
        "(20, 7)": 0.26979971591305013,
        "(7, 21)": 0.3792459564246644,
        "(21, 7)": 0.3792459564246644,
        "(8, 9)": 0.7216609901978266,
        "(9, 8)": 0.7216609901978266,
        "(8, 10)": 0.5154983841544453,
        "(10, 8)": 0.5154983841544453,
        "(8, 11)": 0.23470946665968478,
        "(11, 8)": 0.23470946665968478,
        "(8, 12)": 0.9559231035502177,
        "(12, 8)": 0.9559231035502177,
        "(8, 13)": 0.44126161129862806,
        "(13, 8)": 0.44126161129862806,
        "(8, 14)": 0.6127379411509124,
        "(14, 8)": 0.6127379411509124,
        "(8, 15)": 0.810642213292896,
        "(15, 8)": 0.810642213292896,
        "(8, 16)": 0.5125555872447041,
        "(16, 8)": 0.5125555872447041,
        "(8, 17)": 0.5931905971035035,
        "(17, 8)": 0.5931905971035035,
        "(8, 18)": 0.762475294210927,
        "(18, 8)": 0.762475294210927,
        "(8, 19)": 0.5019147062682578,
        "(19, 8)": 0.5019147062682578,
        "(8, 20)": 1.0045290895243335,
        "(20, 8)": 1.0045290895243335,
        "(8, 21)": 1.1176221115157612,
        "(21, 8)": 1.1176221115157612,
        "(9, 10)": 0.20640181416364262,
        "(10, 9)": 0.20640181416364262,
        "(9, 11)": 0.7543020531090401,
        "(11, 9)": 0.7543020531090401,
        "(9, 12)": 0.43264972999243767,
        "(12, 9)": 0.43264972999243767,
        "(9, 13)": 0.6680483379504243,
        "(13, 9)": 0.6680483379504243,
        "(9, 14)": 0.7319920144396598,
        "(14, 9)": 0.7319920144396598,
        "(9, 15)": 0.2422660928628422,
        "(15, 9)": 0.2422660928628422,
        "(9, 16)": 0.30944780176958364,
        "(16, 9)": 0.30944780176958364,
        "(9, 17)": 0.17044333193036817,
        "(17, 9)": 0.17044333193036817,
        "(9, 18)": 0.725551362505838,
        "(18, 9)": 0.725551362505838,
        "(9, 19)": 0.2197931010640847,
        "(19, 9)": 0.2197931010640847,
        "(9, 20)": 0.6542479479359984,
        "(20, 9)": 0.6542479479359984,
        "(9, 21)": 0.7546045329766735,
        "(21, 9)": 0.7546045329766735,
        "(10, 11)": 0.5585251527463326,
        "(11, 10)": 0.5585251527463326,
        "(10, 12)": 0.5307946233031734,
        "(12, 10)": 0.5307946233031734,
        "(10, 13)": 0.5113244081247232,
        "(13, 10)": 0.5113244081247232,
        "(10, 14)": 0.6118510259448026,
        "(14, 10)": 0.6118510259448026,
        "(10, 15)": 0.3570045754736306,
        "(15, 10)": 0.3570045754736306,
        "(10, 16)": 0.18458407304125685,
        "(16, 10)": 0.18458407304125685,
        "(10, 17)": 0.11566816244003861,
        "(17, 10)": 0.11566816244003861,
        "(10, 18)": 0.6519107773850749,
        "(18, 10)": 0.6519107773850749,
        "(10, 19)": 0.01820374636582712,
        "(19, 10)": 0.01820374636582712,
        "(10, 20)": 0.6905754819966576,
        "(20, 10)": 0.6905754819966576,
        "(10, 21)": 0.8030510217539624,
        "(21, 10)": 0.8030510217539624,
        "(11, 12)": 0.8768658752990184,
        "(12, 11)": 0.8768658752990184,
        "(11, 13)": 0.245626898442986,
        "(13, 11)": 0.245626898442986,
        "(11, 14)": 0.4068661577212673,
        "(14, 11)": 0.4068661577212673,
        "(11, 15)": 0.9031411475757067,
        "(15, 11)": 0.9031411475757067,
        "(11, 16)": 0.47393744089577944,
        "(16, 11)": 0.47393744089577944,
        "(11, 17)": 0.5948782964571497,
        "(17, 11)": 0.5948782964571497,
        "(11, 18)": 0.5724234730528378,
        "(18, 11)": 0.5724234730528378,
        "(11, 19)": 0.5513397878280701,
        "(19, 11)": 0.5513397878280701,
        "(11, 20)": 0.866273057669057,
        "(20, 11)": 0.866273057669057,
        "(11, 21)": 0.9725417686779542,
        "(21, 11)": 0.9725417686779542,
        "(12, 13)": 0.6777824357605713,
        "(13, 12)": 0.6777824357605713,
        "(12, 14)": 0.6328272840528189,
        "(14, 12)": 0.6328272840528189,
        "(12, 15)": 0.6507785168487961,
        "(15, 12)": 0.6507785168487961,
        "(12, 16)": 0.4456398343928284,
        "(16, 12)": 0.4456398343928284,
        "(12, 17)": 0.41556623067436943,
        "(17, 12)": 0.41556623067436943,
        "(12, 18)": 0.5242110321279292,
        "(18, 12)": 0.5242110321279292,
        "(12, 19)": 0.548870050975455,
        "(19, 12)": 0.548870050975455,
        "(12, 20)": 0.2644275377685323,
        "(20, 12)": 0.2644275377685323,
        "(12, 21)": 0.3396200576186734,
        "(21, 12)": 0.3396200576186734,
        "(13, 14)": 0.1716951070517998,
        "(14, 13)": 0.1716951070517998,
        "(13, 15)": 0.8668849979049668,
        "(15, 13)": 0.8668849979049668,
        "(13, 16)": 0.35866168502123813,
        "(16, 13)": 0.35866168502123813,
        "(13, 17)": 0.49760941658489566,
        "(17, 13)": 0.49760941658489566,
        "(13, 18)": 0.32795626632312824,
        "(18, 13)": 0.32795626632312824,
        "(13, 19)": 0.5122698651504917,
        "(19, 13)": 0.5122698651504917,
        "(13, 20)": 0.6299211202619225,
        "(20, 13)": 0.6299211202619225,
        "(13, 21)": 0.73241787297899,
        "(21, 13)": 0.73241787297899,
        "(14, 15)": 0.953746924717975,
        "(15, 14)": 0.953746924717975,
        "(14, 16)": 0.43457769591512513,
        "(16, 14)": 0.43457769591512513,
        "(14, 17)": 0.5676005172808085,
        "(17, 14)": 0.5676005172808085,
        "(14, 18)": 0.1743594182405671,
        "(18, 14)": 0.1743594182405671,
        "(14, 19)": 0.6171936614660646,
        "(19, 14)": 0.6171936614660646,
        "(14, 20)": 0.5220956165609578,
        "(20, 14)": 0.5220956165609578,
        "(14, 21)": 0.6113038703115174,
        "(21, 14)": 0.6113038703115174,
        "(15, 16)": 0.5196532906015522,
        "(16, 15)": 0.5196532906015522,
        "(15, 17)": 0.3876898493048227,
        "(17, 15)": 0.3876898493048227,
        "(15, 18)": 0.9627243912446394,
        "(18, 15)": 0.9627243912446394,
        "(15, 19)": 0.358973044204955,
        "(19, 15)": 0.358973044204955,
        "(15, 20)": 0.8892134320976022,
        "(20, 15)": 0.8892134320976022,
        "(15, 21)": 0.984360334111461,
        "(21, 15)": 0.984360334111461,
        "(16, 17)": 0.13908632388596784,
        "(17, 16)": 0.13908632388596784,
        "(16, 18)": 0.46746480447058736,
        "(18, 16)": 0.46746480447058736,
        "(16, 19)": 0.1942790660433445,
        "(19, 16)": 0.1942790660433445,
        "(16, 20)": 0.5456053056545075,
        "(20, 16)": 0.5456053056545075,
        "(16, 21)": 0.6612234594249873,
        "(21, 16)": 0.6612234594249873,
        "(17, 18)": 0.5791714468722335,
        "(18, 17)": 0.5791714468722335,
        "(17, 19)": 0.13356432512399813,
        "(19, 17)": 0.13356432512399813,
        "(17, 20)": 0.5800161348187405,
        "(20, 17)": 0.5800161348187405,
        "(17, 21)": 0.6910894010330935,
        "(21, 17)": 0.6910894010330935,
        "(18, 19)": 0.6616564374323771,
        "(19, 18)": 0.6616564374323771,
        "(18, 20)": 0.364515787365748,
        "(20, 18)": 0.364515787365748,
        "(18, 21)": 0.4435027640255607,
        "(21, 18)": 0.4435027640255607,
        "(19, 20)": 0.7068485733283917,
        "(20, 19)": 0.7068485733283917,
        "(19, 21)": 0.8196099734988235,
        "(21, 19)": 0.8196099734988235,
        "(20, 21)": 0.11589966920298722,
        "(21, 20)": 0.11589966920298722
    },
    "statistics": {
        "avg_distance": 0.52,
        "min_distance": 0.01820374636582712,
        "max_distance": 1.1176221115157612
    }
}