{
    "instance_id": "LARGE_10",
    "group": "Large",
    "group_key": "large",
    "instance_number_in_group": 10,
    "parameters": {
        "I_range": [
            22,
            30
        ],
        "p_range": [
            13,
            20
        ]
    },
    "I": 27,
    "p": 13,
    "facilities": [
        [
            0.631159242383636,
            0.921044927816442
        ],
        [
            0.430629716925805,
            0.801986325148427
        ],
        [
            0.2015545796552306,
            0.6823876533772765
        ],
        [
            0.016414007923431284,
            0.042355784745396696
        ],
        [
            0.09589791217457255,
            0.7085319491512226
        ],
        [
            0.2737819549762748,
            0.7715810837891259
        ],
        [
            0.5421456970276688,
            0.43810108617213994
        ],
        [
            0.22589343233638814,
            0.5692872695399785
        ],
        [
            0.8858569522564821,
            0.06533169346167023
        ],
        [
            0.2135281900892183,
            0.7263252253905791
        ],
        [
            0.7865965194334639,
            0.2685067884592579
        ],
        [
            0.7684866181700863,
            0.7313200160360599
        ],
        [
            0.613492418321083,
            0.9470015251833719
        ],
        [
            0.27074155774126496,
            0.7827401991502627
        ],
        [
            0.5450043802859105,
            0.6096440694409334
        ],
        [
            0.48913903560550887,
            0.9474993936152508
        ],
        [
            0.4242216867612545,
            0.850678276077206
        ],
        [
            0.39785268619814973,
            0.34998950019252595
        ],
        [
            0.23647913366087248,
            0.312723082810485
        ],
        [
            0.27095771391490153,
            0.9340959342510363
        ],
        [
            0.2833331560395954,
            0.859986700251394
        ],
        [
            0.2985901252493667,
            0.37765496005772015
        ],
        [
            0.7745467610223531,
            0.5265486657125352
        ],
        [
            0.3452999534617144,
            0.7418584329271437
        ],
        [
            0.5952303991889302,
            0.6912307932934068
        ],
        [
            0.6356377356855634,
            0.5954110404310466
        ],
        [
            0.7427370015399889,
            0.21757199227531188
        ]
    ],
    "distanceMatrix": {
        "(0, 1)": 0.23321029447604394,
        "(1, 0)": 0.23321029447604394,
        "(0, 2)": 0.49144426019714393,
        "(2, 0)": 0.49144426019714393,
        "(0, 3)": 1.072383473130046,
        "(3, 0)": 1.072383473130046,
        "(0, 4)": 0.575904903363689,
        "(4, 0)": 0.575904903363689,
        "(0, 5)": 0.3873731614684547,
        "(5, 0)": 0.3873731614684547,
        "(0, 6)": 0.49107857358980295,
        "(6, 0)": 0.49107857358980295,
        "(0, 7)": 0.5366319287457588,
        "(7, 0)": 0.5366319287457588,
        "(0, 8)": 0.8928135655691938,
        "(8, 0)": 0.8928135655691938,
        "(0, 9)": 0.4607943775192566,
        "(9, 0)": 0.4607943775192566,
        "(0, 10)": 0.6707956249204379,
        "(10, 0)": 0.6707956249204379,
        "(0, 11)": 0.2342100559123513,
        "(11, 0)": 0.2342100559123513,
        "(0, 12)": 0.03139843338967904,
        "(12, 0)": 0.03139843338967904,
        "(0, 13)": 0.38604288022756367,
        "(13, 0)": 0.38604288022756367,
        "(0, 14)": 0.32309929566633483,
        "(14, 0)": 0.32309929566633483,
        "(0, 15)": 0.14446306757784955,
        "(15, 0)": 0.14446306757784955,
        "(0, 16)": 0.2185740551940169,
        "(16, 0)": 0.2185740551940169,
        "(0, 17)": 0.6168762036080376,
        "(17, 0)": 0.6168762036080376,
        "(0, 18)": 0.7251398867341831,
        "(18, 0)": 0.7251398867341831,
        "(0, 19)": 0.36043788629966234,
        "(19, 0)": 0.36043788629966234,
        "(0, 20)": 0.3531445787419044,
        "(20, 0)": 0.3531445787419044,
        "(0, 21)": 0.6370830987652177,
        "(21, 0)": 0.6370830987652177,
        "(0, 22)": 0.4197466870808187,
        "(22, 0)": 0.4197466870808187,
        "(0, 23)": 0.33737713765704275,
        "(23, 0)": 0.33737713765704275,
        "(0, 24)": 0.2326057140310218,
        "(24, 0)": 0.2326057140310218,
        "(0, 25)": 0.32566468263534465,
        "(25, 0)": 0.32566468263534465,
        "(0, 26)": 0.7122666406460492,
        "(26, 0)": 0.7122666406460492,
        "(1, 2)": 0.25841683537446997,
        "(2, 1)": 0.25841683537446997,
        "(1, 3)": 0.865224370609924,
        "(3, 1)": 0.865224370609924,
        "(1, 4)": 0.34753287830800134,
        "(4, 1)": 0.34753287830800134,
        "(1, 5)": 0.1597676410625564,
        "(5, 1)": 0.1597676410625564,
        "(1, 6)": 0.3805893862982898,
        "(6, 1)": 0.3805893862982898,
        "(1, 7)": 0.30994482849136634,
        "(7, 1)": 0.30994482849136634,
        "(1, 8)": 0.8659629796777476,
        "(8, 1)": 0.8659629796777476,
        "(1, 9)": 0.22990797065640023,
        "(9, 1)": 0.22990797065640023,
        "(1, 10)": 0.6413367138669182,
        "(10, 1)": 0.6413367138669182,
        "(1, 11)": 0.3451680937774416,
        "(11, 1)": 0.3451680937774416,
        "(1, 12)": 0.23338418070373512,
        "(12, 1)": 0.23338418070373512,
        "(1, 13)": 0.16104234478347,
        "(13, 1)": 0.16104234478347,
        "(1, 14)": 0.22377914770903995,
        "(14, 1)": 0.22377914770903995,
        "(1, 15)": 0.1568355618697293,
        "(15, 1)": 0.1568355618697293,
        "(1, 16)": 0.049111800372623374,
        "(16, 1)": 0.049111800372623374,
        "(1, 17)": 0.45318369731659275,
        "(17, 1)": 0.45318369731659275,
        "(1, 18)": 0.5263772119736466,
        "(18, 1)": 0.5263772119736466,
        "(1, 19)": 0.20723922737444808,
        "(19, 1)": 0.20723922737444808,
        "(1, 20)": 0.15830451781610566,
        "(20, 1)": 0.15830451781610566,
        "(1, 21)": 0.4444002263386275,
        "(21, 1)": 0.4444002263386275,
        "(1, 22)": 0.44061869848615065,
        "(22, 1)": 0.44061869848615065,
        "(1, 23)": 0.1043864548483754,
        "(23, 1)": 0.1043864548483754,
        "(1, 24)": 0.19839398286736096,
        "(24, 1)": 0.19839398286736096,
        "(1, 25)": 0.29103545490518545,
        "(25, 1)": 0.29103545490518545,
        "(1, 26)": 0.6625338252321669,
        "(26, 1)": 0.6625338252321669,
        "(2, 3)": 0.6662715843900243,
        "(3, 2)": 0.6662715843900243,
        "(2, 4)": 0.10884326154904549,
        "(4, 2)": 0.10884326154904549,
        "(2, 5)": 0.11477047431460939,
        "(5, 2)": 0.11477047431460939,
        "(2, 6)": 0.41913987659238017,
        "(6, 2)": 0.41913987659238017,
        "(2, 7)": 0.11568956985821674,
        "(7, 2)": 0.11568956985821674,
        "(2, 8)": 0.9214270425894132,
        "(8, 2)": 0.9214270425894132,
        "(2, 9)": 0.045539846082843234,
        "(9, 2)": 0.045539846082843234,
        "(2, 10)": 0.7166389897603709,
        "(10, 2)": 0.7166389897603709,
        "(2, 11)": 0.5690398161903792,
        "(11, 2)": 0.5690398161903792,
        "(2, 12)": 0.4896052328937126,
        "(12, 2)": 0.4896052328937126,
        "(2, 13)": 0.12189122765727113,
        "(13, 2)": 0.12189122765727113,
        "(2, 14)": 0.3510689313470469,
        "(14, 2)": 0.3510689313470469,
        "(2, 15)": 0.3911381522125203,
        "(15, 2)": 0.3911381522125203,
        "(2, 16)": 0.27910996806938937,
        "(16, 2)": 0.27910996806938937,
        "(2, 17)": 0.38603300231064197,
        "(17, 2)": 0.38603300231064197,
        "(2, 18)": 0.3713106774721451,
        "(18, 2)": 0.3713106774721451,
        "(2, 19)": 0.26110123267707774,
        "(19, 2)": 0.26110123267707774,
        "(2, 20)": 0.19552277873958418,
        "(20, 2)": 0.19552277873958418,
        "(2, 21)": 0.3198091798034297,
        "(21, 2)": 0.3198091798034297,
        "(2, 22)": 0.5938062225879961,
        "(22, 2)": 0.5938062225879961,
        "(2, 23)": 0.1555619044336841,
        "(23, 2)": 0.1555619044336841,
        "(2, 24)": 0.3937751287335276,
        "(24, 2)": 0.3937751287335276,
        "(2, 25)": 0.4427110994190822,
        "(25, 2)": 0.4427110994190822,
        "(2, 26)": 0.7133947102149756,
        "(26, 2)": 0.7133947102149756,
        "(3, 4)": 0.670901164894996,
        "(4, 3)": 0.670901164894996,
        "(3, 5)": 0.7733096384603076,
        "(5, 3)": 0.7733096384603076,
        "(3, 6)": 0.6580335496992069,
        "(6, 3)": 0.6580335496992069,
        "(3, 7)": 0.5670435776201035,
        "(7, 3)": 0.5670435776201035,
        "(3, 8)": 0.8697464721583313,
        "(8, 3)": 0.8697464721583313,
        "(3, 9)": 0.7118062914496968,
        "(9, 3)": 0.7118062914496968,
        "(3, 10)": 0.8026988087176213,
        "(10, 3)": 0.8026988087176213,
        "(3, 11)": 1.019943588185715,
        "(11, 3)": 1.019943588185715,
        "(3, 12)": 1.0839218347535762,
        "(12, 3)": 1.0839218347535762,
        "(3, 13)": 0.7828483784807752,
        "(13, 3)": 0.7828483784807752,
        "(3, 14)": 0.7753862132557612,
        "(14, 3)": 0.7753862132557612,
        "(3, 15)": 1.0211532228196534,
        "(15, 3)": 1.0211532228196534,
        "(3, 16)": 0.9053686281907255,
        "(16, 3)": 0.9053686281907255,
        "(3, 17)": 0.49003466016575753,
        "(17, 3)": 0.49003466016575753,
        "(3, 18)": 0.348607423083405,
        "(18, 3)": 0.348607423083405,
        "(3, 19)": 0.9273580713511974,
        "(19, 3)": 0.9273580713511974,
        "(3, 20)": 0.8600965908676967,
        "(20, 3)": 0.8600965908676967,
        "(3, 21)": 0.43823383958140916,
        "(21, 3)": 0.43823383958140916,
        "(3, 22)": 0.8995599020079809,
        "(22, 3)": 0.8995599020079809,
        "(3, 23)": 0.7729617842984784,
        "(23, 3)": 0.7729617842984784,
        "(3, 24)": 0.869521242705315,
        "(24, 3)": 0.869521242705315,
        "(3, 25)": 0.8302458315855314,
        "(25, 3)": 0.8302458315855314,
        "(3, 26)": 0.7471584908419928,
        "(26, 3)": 0.7471584908419928,
        "(4, 5)": 0.18872712063205513,
        "(5, 4)": 0.18872712063205513,
        "(4, 6)": 0.5217949186585729,
        "(6, 4)": 0.5217949186585729,
        "(4, 7)": 0.1904938740804518,
        "(7, 4)": 0.1904938740804518,
        "(4, 8)": 1.0186961538782,
        "(8, 4)": 1.0186961538782,
        "(4, 9)": 0.11896841161252361,
        "(9, 4)": 0.11896841161252361,
        "(4, 10)": 0.8189546435007018,
        "(10, 4)": 0.8189546435007018,
        "(4, 11)": 0.6729746380251395,
        "(11, 4)": 0.6729746380251395,
        "(4, 12)": 0.5698875428415707,
        "(12, 4)": 0.5698875428415707,
        "(4, 13)": 0.18993989776498035,
        "(13, 4)": 0.18993989776498035,
        "(4, 14)": 0.4598645805593608,
        "(14, 4)": 0.4598645805593608,
        "(4, 15)": 0.46015651757950066,
        "(15, 4)": 0.46015651757950066,
        "(4, 16)": 0.35777378218281297,
        "(16, 4)": 0.35777378218281297,
        "(4, 17)": 0.46875299813540305,
        "(17, 4)": 0.46875299813540305,
        "(4, 18)": 0.4200330207358941,
        "(18, 4)": 0.4200330207358941,
        "(4, 19)": 0.28552591048707343,
        "(19, 4)": 0.28552591048707343,
        "(4, 20)": 0.24097824024910516,
        "(20, 4)": 0.24097824024910516,
        "(4, 21)": 0.38802540529292606,
        "(21, 4)": 0.38802540529292606,
        "(4, 22)": 0.7026252027173117,
        "(22, 4)": 0.7026252027173117,
        "(4, 23)": 0.25161882425418797,
        "(23, 4)": 0.25161882425418797,
        "(4, 24)": 0.49963212725160105,
        "(24, 4)": 0.49963212725160105,
        "(4, 25)": 0.5514666055831068,
        "(25, 4)": 0.5514666055831068,
        "(4, 26)": 0.8120606423086131,
        "(26, 4)": 0.8120606423086131,
        "(5, 6)": 0.4280514067941515,
        "(6, 5)": 0.4280514067941515,
        "(5, 7)": 0.2078848187917999,
        "(7, 5)": 0.2078848187917999,
        "(5, 8)": 0.9345715615368727,
        "(8, 5)": 0.9345715615368727,
        "(5, 9)": 0.07535654518655963,
        "(9, 5)": 0.07535654518655963,
        "(5, 10)": 0.7183749189253895,
        "(10, 5)": 0.7183749189253895,
        "(5, 11)": 0.49634026369247897,
        "(11, 5)": 0.49634026369247897,
        "(5, 12)": 0.38232908621356076,
        "(12, 5)": 0.38232908621356076,
        "(5, 13)": 0.011565892572119728,
        "(13, 5)": 0.011565892572119728,
        "(5, 14)": 0.315887955779969,
        "(14, 5)": 0.315887955779969,
        "(5, 15)": 0.27807539249136537,
        "(15, 5)": 0.27807539249136537,
        "(5, 16)": 0.16996611052616975,
        "(16, 5)": 0.16996611052616975,
        "(5, 17)": 0.43946900881111023,
        "(17, 5)": 0.43946900881111023,
        "(5, 18)": 0.46037176883493114,
        "(18, 5)": 0.46037176883493114,
        "(5, 19)": 0.1625393889438183,
        "(19, 5)": 0.1625393889438183,
        "(5, 20)": 0.0889200678352509,
        "(20, 5)": 0.0889200678352509,
        "(5, 21)": 0.394706519163732,
        "(21, 5)": 0.394706519163732,
        "(5, 22)": 0.5575000241101588,
        "(22, 5)": 0.5575000241101588,
        "(5, 23)": 0.07744843498500557,
        "(23, 5)": 0.07744843498500557,
        "(5, 24)": 0.3313386054619701,
        "(24, 5)": 0.3313386054619701,
        "(5, 25)": 0.40246178726621523,
        "(25, 5)": 0.40246178726621523,
        "(5, 26)": 0.7258408290923961,
        "(26, 5)": 0.7258408290923961,
        "(6, 7)": 0.3423818184848372,
        "(7, 6)": 0.3423818184848372,
        "(6, 8)": 0.5070448176568801,
        "(8, 6)": 0.5070448176568801,
        "(6, 9)": 0.4371071039169379,
        "(9, 6)": 0.4371071039169379,
        "(6, 10)": 0.2975204705421044,
        "(10, 6)": 0.2975204705421044,
        "(6, 11)": 0.37041537955940823,
        "(11, 6)": 0.37041537955940823,
        "(6, 12)": 0.5138774284449014,
        "(12, 6)": 0.5138774284449014,
        "(6, 13)": 0.4386756489892515,
        "(13, 6)": 0.4386756489892515,
        "(6, 14)": 0.17156680092234775,
        "(14, 6)": 0.17156680092234775,
        "(6, 15)": 0.5121487496626635,
        "(15, 6)": 0.5121487496626635,
        "(6, 16)": 0.4290990676140818,
        "(16, 6)": 0.4290990676140818,
        "(6, 17)": 0.16906840200963225,
        "(17, 6)": 0.16906840200963225,
        "(6, 18)": 0.33038113094942767,
        "(18, 6)": 0.33038113094942767,
        "(6, 19)": 0.5652909087413117,
        "(19, 6)": 0.5652909087413117,
        "(6, 20)": 0.49494585839234223,
        "(20, 6)": 0.49494585839234223,
        "(6, 21)": 0.25094431794024746,
        "(21, 6)": 0.25094431794024746,
        "(6, 22)": 0.2486628819756095,
        "(22, 6)": 0.2486628819756095,
        "(6, 23)": 0.36196239095750415,
        "(23, 6)": 0.36196239095750415,
        "(6, 24)": 0.25863610388120245,
        "(24, 6)": 0.25863610388120245,
        "(6, 25)": 0.18299503545546958,
        "(25, 6)": 0.18299503545546958,
        "(6, 26)": 0.29811063835581303,
        "(26, 6)": 0.29811063835581303,
        "(7, 8)": 0.8303752587148414,
        "(8, 7)": 0.8303752587148414,
        "(7, 9)": 0.15752402608353547,
        "(9, 7)": 0.15752402608353547,
        "(7, 10)": 0.6362836236139828,
        "(10, 7)": 0.6362836236139828,
        "(7, 11)": 0.5662702325305697,
        "(11, 7)": 0.5662702325305697,
        "(7, 12)": 0.5412033193288881,
        "(12, 7)": 0.5412033193288881,
        "(7, 13)": 0.21811351978165977,
        "(13, 7)": 0.21811351978165977,
        "(7, 14)": 0.32165271396257245,
        "(14, 7)": 0.32165271396257245,
        "(7, 15)": 0.4608065303769603,
        "(15, 7)": 0.4608065303769603,
        "(7, 16)": 0.34426006893517075,
        "(16, 7)": 0.34426006893517075,
        "(7, 17)": 0.27867812370091466,
        "(17, 7)": 0.27867812370091466,
        "(7, 18)": 0.25678247406062904,
        "(18, 7)": 0.25678247406062904,
        "(7, 19)": 0.36758148936317847,
        "(19, 7)": 0.36758148936317847,
        "(7, 20)": 0.2963198961849201,
        "(20, 7)": 0.2963198961849201,
        "(7, 21)": 0.20495792543346053,
        "(21, 7)": 0.20495792543346053,
        "(7, 22)": 0.5503154216767949,
        "(22, 7)": 0.5503154216767949,
        "(7, 23)": 0.20985405338008753,
        "(23, 7)": 0.20985405338008753,
        "(7, 24)": 0.38894732042943636,
        "(24, 7)": 0.38894732042943636,
        "(7, 25)": 0.41057623595706305,
        "(25, 7)": 0.41057623595706305,
        "(7, 26)": 0.6251647073279798,
        "(26, 7)": 0.6251647073279798,
        "(8, 9)": 0.942835305707852,
        "(9, 8)": 0.942835305707852,
        "(8, 10)": 0.22612552432552077,
        "(10, 8)": 0.22612552432552077,
        "(8, 11)": 0.6762516108143488,
        "(11, 8)": 0.6762516108143488,
        "(8, 12)": 0.9227806518962244,
        "(12, 8)": 0.9227806518962244,
        "(8, 13)": 0.9450089484253312,
        "(13, 8)": 0.9450089484253312,
        "(8, 14)": 0.6422277154274366,
        "(14, 8)": 0.6422277154274366,
        "(8, 15)": 0.9672667453118329,
        "(15, 8)": 0.9672667453118329,
        "(8, 16)": 0.9109755063528052,
        "(16, 8)": 0.9109755063528052,
        "(8, 17)": 0.5649586096555683,
        "(17, 8)": 0.5649586096555683,
        "(8, 18)": 0.6949057855622799,
        "(18, 8)": 0.6949057855622799,
        "(8, 19)": 1.0643553820916112,
        "(19, 8)": 1.0643553820916112,
        "(8, 20)": 0.9972519765954763,
        "(20, 8)": 0.9972519765954763,
        "(8, 21)": 0.665152726041345,
        "(21, 8)": 0.665152726041345,
        "(8, 22)": 0.4744586959523806,
        "(22, 8)": 0.4744586959523806,
        "(8, 23)": 0.8659620650800999,
        "(23, 8)": 0.8659620650800999,
        "(8, 24)": 0.69008222446177,
        "(24, 8)": 0.69008222446177,
        "(8, 25)": 0.5861687218069939,
        "(25, 8)": 0.5861687218069939,
        "(8, 26)": 0.20895078098910838,
        "(26, 8)": 0.20895078098910838,
        "(9, 10)": 0.7334882625452454,
        "(10, 9)": 0.7334882625452454,
        "(9, 11)": 0.5549809049251877,
        "(11, 9)": 0.5549809049251877,
        "(9, 12)": 0.4568034732303923,
        "(12, 9)": 0.4568034732303923,
        "(9, 13)": 0.08034935408821935,
        "(13, 9)": 0.08034935408821935,
        "(9, 14)": 0.3514128011627624,
        "(14, 9)": 0.3514128011627624,
        "(9, 15)": 0.3533827257465763,
        "(15, 9)": 0.3533827257465763,
        "(9, 16)": 0.2446536955677558,
        "(16, 9)": 0.2446536955677558,
        "(9, 17)": 0.41905142635022263,
        "(17, 9)": 0.41905142635022263,
        "(9, 18)": 0.4142384315314958,
        "(18, 9)": 0.4142384315314958,
        "(9, 19)": 0.2155616331057584,
        "(19, 9)": 0.2155616331057584,
        "(9, 20)": 0.15079165472035105,
        "(20, 9)": 0.15079165472035105,
        "(9, 21)": 0.3588962060825881,
        "(21, 9)": 0.3588962060825881,
        "(9, 22)": 0.5955270864777285,
        "(22, 9)": 0.5955270864777285,
        "(9, 23)": 0.1326841292644719,
        "(23, 9)": 0.1326841292644719,
        "(9, 24)": 0.3833121385970228,
        "(24, 9)": 0.3833121385970228,
        "(9, 25)": 0.4419445579562798,
        "(25, 9)": 0.4419445579562798,
        "(9, 26)": 0.7340925134629658,
        "(26, 9)": 0.7340925134629658,
        "(10, 11)": 0.4631674126531637,
        "(11, 10)": 0.4631674126531637,
        "(10, 12)": 0.7002286323653512,
        "(12, 10)": 0.7002286323653512,
        "(10, 13)": 0.7283833758216641,
        "(13, 10)": 0.7283833758216641,
        "(10, 14)": 0.41802082026313164,
        "(14, 10)": 0.41802082026313164,
        "(10, 15)": 0.741290707173495,
        "(15, 10)": 0.741290707173495,
        "(10, 16)": 0.6857398634682881,
        "(16, 10)": 0.6857398634682881,
        "(10, 17)": 0.3971916416415287,
        "(17, 10)": 0.3971916416415287,
        "(10, 18)": 0.5518914918853384,
        "(18, 10)": 0.5518914918853384,
        "(10, 19)": 0.8419574150468888,
        "(19, 10)": 0.8419574150468888,
        "(10, 20)": 0.7766096181403769,
        "(20, 10)": 0.7766096181403769,
        "(10, 21)": 0.500063560087967,
        "(21, 10)": 0.500063560087967,
        "(10, 22)": 0.25832306729009236,
        "(22, 10)": 0.25832306729009236,
        "(10, 23)": 0.6471510167332741,
        "(23, 10)": 0.6471510167332741,
        "(10, 24)": 0.46402217214317126,
        "(24, 10)": 0.46402217214317126,
        "(10, 25)": 0.3600763035078539,
        "(25, 10)": 0.3600763035078539,
        "(10, 26)": 0.06721614963792685,
        "(26, 10)": 0.06721614963792685,
        "(11, 12)": 0.2655969039256572,
        "(12, 11)": 0.2655969039256572,
        "(11, 13)": 0.5003940251569649,
        "(13, 11)": 0.5003940251569649,
        "(11, 14)": 0.25445892916056106,
        "(14, 11)": 0.25445892916056106,
        "(11, 15)": 0.3532259831541273,
        "(15, 11)": 0.3532259831541273,
        "(11, 16)": 0.36436895756633486,
        "(16, 11)": 0.36436895756633486,
        "(11, 17)": 0.5317729532822009,
        "(17, 11)": 0.5317729532822009,
        "(11, 18)": 0.6769456079181531,
        "(18, 11)": 0.6769456079181531,
        "(11, 19)": 0.5372644447358225,
        "(19, 11)": 0.5372644447358225,
        "(11, 20)": 0.5019252906998911,
        "(20, 11)": 0.5019252906998911,
        "(11, 21)": 0.5881170681755071,
        "(21, 11)": 0.5881170681755071,
        "(11, 22)": 0.204861004695158,
        "(22, 11)": 0.204861004695158,
        "(11, 23)": 0.42331786097159463,
        "(23, 11)": 0.42331786097159463,
        "(11, 24)": 0.17783380779749502,
        "(24, 11)": 0.17783380779749502,
        "(11, 25)": 0.19005282220317246,
        "(25, 11)": 0.19005282220317246,
        "(11, 26)": 0.5143929185697166,
        "(26, 11)": 0.5143929185697166,
        "(12, 13)": 0.3800788545267433,
        "(13, 12)": 0.3800788545267433,
        "(12, 14)": 0.34423925444219544,
        "(14, 12)": 0.34423925444219544,
        "(12, 15)": 0.12435437935907814,
        "(15, 12)": 0.12435437935907814,
        "(12, 16)": 0.2123713213773488,
        "(16, 12)": 0.2123713213773488,
        "(12, 17)": 0.6347628313423218,
        "(17, 12)": 0.6347628313423218,
        "(12, 18)": 0.7378673046485096,
        "(18, 12)": 0.7378673046485096,
        "(12, 19)": 0.342777738483617,
        "(19, 12)": 0.342777738483617,
        "(12, 20)": 0.3414333291115542,
        "(20, 12)": 0.3414333291115542,
        "(12, 21)": 0.6506296683999302,
        "(21, 12)": 0.6506296683999302,
        "(12, 22)": 0.4502433878916394,
        "(22, 12)": 0.4502433878916394,
        "(12, 23)": 0.3376549814644988,
        "(23, 12)": 0.3376549814644988,
        "(12, 24)": 0.25642185677962703,
        "(24, 12)": 0.25642185677962703,
        "(12, 25)": 0.3522872181183254,
        "(25, 12)": 0.3522872181183254,
        "(12, 26)": 0.7407912025462365,
        "(26, 12)": 0.7407912025462365,
        "(13, 14)": 0.3243183096134177,
        "(14, 13)": 0.3243183096134177,
        "(13, 15)": 0.2735745794079097,
        "(15, 13)": 0.2735745794079097,
        "(13, 16)": 0.16784436928453664,
        "(16, 13)": 0.16784436928453664,
        "(13, 17)": 0.4510326001809541,
        "(17, 13)": 0.4510326001809541,
        "(13, 18)": 0.47126426063963817,
        "(18, 13)": 0.47126426063963817,
        "(13, 19)": 0.15135588945061554,
        "(19, 13)": 0.15135588945061554,
        "(13, 20)": 0.07826602251343552,
        "(20, 13)": 0.07826602251343552,
        "(13, 21)": 0.4060413693737569,
        "(21, 13)": 0.4060413693737569,
        "(13, 22)": 0.5652024280364273,
        "(22, 13)": 0.5652024280364273,
        "(13, 23)": 0.08503101305952367,
        "(23, 13)": 0.08503101305952367,
        "(13, 24)": 0.33714533896277254,
        "(24, 13)": 0.33714533896277254,
        "(13, 25)": 0.4101724446922371,
        "(25, 13)": 0.4101724446922371,
        "(13, 26)": 0.7363387814240139,
        "(26, 13)": 0.7363387814240139,
        "(14, 15)": 0.3424429248928837,
        "(15, 14)": 0.3424429248928837,
        "(14, 16)": 0.2696033156766592,
        "(16, 14)": 0.2696033156766592,
        "(14, 17)": 0.29845287132891507,
        "(17, 14)": 0.29845287132891507,
        "(14, 18)": 0.4281937646751053,
        "(18, 14)": 0.4281937646751053,
        "(14, 19)": 0.42470058621082263,
        "(19, 14)": 0.42470058621082263,
        "(14, 20)": 0.36213707680886237,
        "(20, 14)": 0.36213707680886237,
        "(14, 21)": 0.33843600865988144,
        "(21, 14)": 0.33843600865988144,
        "(14, 22)": 0.24411995140696607,
        "(22, 14)": 0.24411995140696607,
        "(14, 23)": 0.2395046889003312,
        "(23, 14)": 0.2395046889003312,
        "(14, 24)": 0.09580734044855976,
        "(24, 14)": 0.09580734044855976,
        "(14, 25)": 0.09174412365811811,
        "(25, 14)": 0.09174412365811811,
        "(14, 26)": 0.4391112651720221,
        "(26, 14)": 0.4391112651720221,
        "(15, 16)": 0.11657011187385255,
        "(16, 15)": 0.11657011187385255,
        "(15, 17)": 0.6044429421592732,
        "(17, 15)": 0.6044429421592732,
        "(15, 18)": 0.6832115271345924,
        "(18, 15)": 0.6832115271345924,
        "(15, 19)": 0.21859263907457735,
        "(19, 15)": 0.21859263907457735,
        "(15, 20)": 0.22363928895365343,
        "(20, 15)": 0.22363928895365343,
        "(15, 21)": 0.6008590231447107,
        "(21, 15)": 0.6008590231447107,
        "(15, 22)": 0.5085834101201521,
        "(22, 15)": 0.5085834101201521,
        "(15, 23)": 0.25095395247873037,
        "(23, 15)": 0.25095395247873037,
        "(15, 24)": 0.2773607271008402,
        "(24, 15)": 0.2773607271008402,
        "(15, 25)": 0.3813503344342452,
        "(25, 15)": 0.3813503344342452,
        "(15, 26)": 0.7727263031326046,
        "(26, 15)": 0.7727263031326046,
        "(16, 17)": 0.5013826627313677,
        "(17, 16)": 0.5013826627313677,
        "(16, 18)": 0.5697745661288198,
        "(18, 16)": 0.5697745661288198,
        "(16, 19)": 0.17449455884884665,
        "(19, 16)": 0.17449455884884665,
        "(16, 20)": 0.14119569699362117,
        "(20, 16)": 0.14119569699362117,
        "(16, 21)": 0.48942246244526383,
        "(21, 16)": 0.48942246244526383,
        "(16, 22)": 0.47727105712707696,
        "(22, 16)": 0.47727105712707696,
        "(16, 23)": 0.13442618141644844,
        "(23, 16)": 0.13442618141644844,
        "(16, 24)": 0.2338107771088866,
        "(24, 16)": 0.2338107771088866,
        "(16, 25)": 0.33144849877046906,
        "(25, 16)": 0.33144849877046906,
        "(16, 26)": 0.708714027191533,
        "(26, 16)": 0.708714027191533,
        "(17, 18)": 0.1656206790319188,
        "(18, 17)": 0.1656206790319188,
        "(17, 19)": 0.5977312609353097,
        "(19, 17)": 0.5977312609353097,
        "(17, 20)": 0.5226967255068862,
        "(20, 17)": 0.5226967255068862,
        "(17, 21)": 0.10304578436628808,
        "(21, 17)": 0.10304578436628808,
        "(17, 22)": 0.4160187074360774,
        "(22, 17)": 0.4160187074360774,
        "(17, 23)": 0.3953770986800267,
        "(23, 17)": 0.3953770986800267,
        "(17, 24)": 0.39421260977121486,
        "(24, 17)": 0.39421260977121486,
        "(17, 25)": 0.34172132238533137,
        "(25, 17)": 0.34172132238533137,
        "(17, 26)": 0.3694314379852026,
        "(26, 17)": 0.3694314379852026,
        "(18, 19)": 0.6223286856667424,
        "(19, 18)": 0.6223286856667424,
        "(18, 20)": 0.5492656610307761,
        "(20, 18)": 0.5492656610307761,
        "(18, 21)": 0.08985501632605723,
        "(21, 18)": 0.08985501632605723,
        "(18, 22)": 0.5789975401655992,
        "(22, 18)": 0.5789975401655992,
        "(18, 23)": 0.44271787804636326,
        "(23, 18)": 0.44271787804636326,
        "(18, 24)": 0.5215079648605631,
        "(24, 18)": 0.5215079648605631,
        "(18, 25)": 0.4891217342891134,
        "(25, 18)": 0.4891217342891134,
        "(18, 26)": 0.5151220814715106,
        "(26, 18)": 0.5151220814715106,
        "(19, 20)": 0.07513541196929306,
        "(20, 19)": 0.07513541196929306,
        "(19, 21)": 0.5571266533898408,
        "(21, 19)": 0.5571266533898408,
        "(19, 22)": 0.6478400299918061,
        "(22, 19)": 0.6478400299918061,
        "(19, 23)": 0.20611168209514308,
        "(23, 19)": 0.20611168209514308,
        "(19, 24)": 0.4051373237646693,
        "(24, 19)": 0.4051373237646693,
        "(19, 25)": 0.49769365635952006,
        "(25, 19)": 0.49769365635952006,
        "(19, 26)": 0.8578940818402154,
        "(26, 19)": 0.8578940818402154,
        "(20, 21)": 0.48257298174237395,
        "(21, 20)": 0.48257298174237395,
        "(20, 22)": 0.5936932950583945,
        "(22, 20)": 0.5936932950583945,
        "(20, 23)": 0.13339479571476345,
        "(23, 20)": 0.13339479571476345,
        "(20, 24)": 0.35462437369330396,
        "(24, 20)": 0.35462437369330396,
        "(20, 25)": 0.4405891471755681,
        "(25, 20)": 0.4405891471755681,
        "(20, 26)": 0.7897775321472145,
        "(26, 20)": 0.7897775321472145,
        "(21, 22)": 0.49870237087862535,
        "(22, 21)": 0.49870237087862535,
        "(21, 23)": 0.36718657069911476,
        "(23, 21)": 0.36718657069911476,
        "(21, 24)": 0.43165409219929146,
        "(24, 21)": 0.43165409219929146,
        "(21, 25)": 0.40127148196738927,
        "(25, 21)": 0.40127148196738927,
        "(21, 26)": 0.4721154565281048,
        "(26, 21)": 0.4721154565281048,
        "(22, 23)": 0.4802198638738394,
        "(23, 22)": 0.4802198638738394,
        "(22, 24)": 0.24346367442749545,
        "(24, 22)": 0.24346367442749545,
        "(22, 25)": 0.15504110413657912,
        "(25, 22)": 0.15504110413657912,
        "(22, 26)": 0.3106097962503089,
        "(26, 22)": 0.3106097962503089,
        "(23, 24)": 0.2550066383376878,
        "(24, 23)": 0.2550066383376878,
        "(23, 25)": 0.32518128260336426,
        "(25, 23)": 0.32518128260336426,
        "(23, 26)": 0.6579000524673482,
        "(26, 23)": 0.6579000524673482,
        "(24, 25)": 0.10399123944523363,
        "(25, 24)": 0.10399123944523363,
        "(24, 26)": 0.49609561328341995,
        "(26, 24)": 0.49609561328341995,
        "(25, 26)": 0.39272458422893336,
        "(26, 25)": 0.39272458422893336
    },
    "statistics": {
        "avg_distance": 0.44,
        "min_distance": 0.011565892572119728,
        "max_distance": 1.0839218347535762
    }
}