{
    "instance_id": "LARGE_09",
    "group": "Large",
    "group_key": "large",
    "instance_number_in_group": 9,
    "parameters": {
        "I_range": [
            22,
            30
        ],
        "p_range": [
            13,
            20
        ]
    },
    "I": 22,
    "p": 14,
    "facilities": [
        [
            0.2987985177580543,
            0.9315160908760677
        ],
        [
            0.5387105172352251,
            0.2618963679340196
        ],
        [
            0.3539467722260973,
            0.15108015287842103
        ],
        [
            0.7643541772010672,
            0.7522849147608052
        ],
        [
            0.9440388013554964,
            0.411725505770703
        ],
        [
            0.8080462625661602,
            0.29723652506446807
        ],
        [
            0.99930981921415,
            0.8724823852614515
        ],
        [
            0.6607493141447368,
            0.47430433831802865
        ],
        [
            0.3013288815936216,
            0.5674431039883894
        ],
        [
            0.9336042135700674,
            0.3187651056759536
        ],
        [
            0.7029054402158095,
            0.33273461740459853
        ],
        [
            0.6890838452547656,
            0.6544918608251361
        ],
        [
            0.47211882594642485,
            0.8742513660891332
        ],
        [
            0.1716072697453196,
            0.5888531992551246
        ],
        [
            0.4023811779757661,
            0.7666110232177648
        ],
        [
            0.6023212103247348,
            0.24201640739732588
        ],
        [
            0.740638056912843,
            0.921547590129071
        ],
        [
            0.1500174682897477,
            0.0027188449514493618
        ],
        [
            0.12305092273185603,
            0.5558925266712217
        ],
        [
            0.30568331964483175,
            0.8338309657243523
        ],
        [
            0.6181293900818762,
            0.7325202009257734
        ],
        [
            0.07722262292014603,
            0.6458654912568639
        ]
    ],
    "distanceMatrix": {
        "(0, 1)": 0.7113004575045058,
        "(1, 0)": 0.7113004575045058,
        "(0, 2)": 0.7823819932035364,
        "(2, 0)": 0.7823819932035364,
        "(0, 3)": 0.4988645973919966,
        "(3, 0)": 0.4988645973919966,
        "(0, 4)": 0.8285633807628026,
        "(4, 0)": 0.8285633807628026,
        "(0, 5)": 0.8134149206882629,
        "(5, 0)": 0.8134149206882629,
        "(0, 6)": 0.7029943540785417,
        "(6, 0)": 0.7029943540785417,
        "(0, 7)": 0.5831388905587992,
        "(7, 0)": 0.5831388905587992,
        "(0, 8)": 0.36408177999242963,
        "(8, 0)": 0.36408177999242963,
        "(0, 9)": 0.8822936253306404,
        "(9, 0)": 0.8822936253306404,
        "(0, 10)": 0.7223860863492194,
        "(10, 0)": 0.7223860863492194,
        "(0, 11)": 0.47860741834464565,
        "(11, 0)": 0.47860741834464565,
        "(0, 12)": 0.1825354155648571,
        "(12, 0)": 0.1825354155648571,
        "(0, 13)": 0.3655071420164908,
        "(13, 0)": 0.3655071420164908,
        "(0, 14)": 0.1947384113039012,
        "(14, 0)": 0.1947384113039012,
        "(0, 15)": 0.7533497450853839,
        "(15, 0)": 0.7533497450853839,
        "(0, 16)": 0.44195197631378336,
        "(16, 0)": 0.44195197631378336,
        "(0, 17)": 0.9406381475987706,
        "(17, 0)": 0.9406381475987706,
        "(0, 18)": 0.41470505078120845,
        "(18, 0)": 0.41470505078120845,
        "(0, 19)": 0.09792744341054996,
        "(19, 0)": 0.09792744341054996,
        "(0, 20)": 0.3762599769257988,
        "(20, 0)": 0.3762599769257988,
        "(0, 21)": 0.3615136819485958,
        "(21, 0)": 0.3615136819485958,
        "(1, 2)": 0.21544807956685688,
        "(2, 1)": 0.21544807956685688,
        "(1, 3)": 0.5398110670796469,
        "(3, 1)": 0.5398110670796469,
        "(1, 4)": 0.4321339936324927,
        "(4, 1)": 0.4321339936324927,
        "(1, 5)": 0.27164438227023047,
        "(5, 1)": 0.27164438227023047,
        "(1, 6)": 0.7648313549660786,
        "(6, 1)": 0.7648313549660786,
        "(1, 7)": 0.24497063871773514,
        "(7, 1)": 0.24497063871773514,
        "(1, 8)": 0.3869222775356334,
        "(8, 1)": 0.3869222775356334,
        "(1, 9)": 0.39896752341181296,
        "(9, 1)": 0.39896752341181296,
        "(1, 10)": 0.17882402053598953,
        "(10, 1)": 0.17882402053598953,
        "(1, 11)": 0.4204085617801938,
        "(11, 1)": 0.4204085617801938,
        "(1, 12)": 0.6159651752447147,
        "(12, 1)": 0.6159651752447147,
        "(1, 13)": 0.4915949184696403,
        "(13, 1)": 0.4915949184696403,
        "(1, 14)": 0.5228026128483965,
        "(14, 1)": 0.5228026128483965,
        "(1, 15)": 0.06664482805340786,
        "(15, 1)": 0.06664482805340786,
        "(1, 16)": 0.6898655421338864,
        "(16, 1)": 0.6898655421338864,
        "(1, 17)": 0.46717799040399155,
        "(17, 1)": 0.46717799040399155,
        "(1, 18)": 0.5091234033659574,
        "(18, 1)": 0.5091234033659574,
        "(1, 19)": 0.6175846978078569,
        "(19, 1)": 0.6175846978078569,
        "(1, 20)": 0.4772778536073958,
        "(20, 1)": 0.4772778536073958,
        "(1, 21)": 0.6003360427832726,
        "(21, 1)": 0.6003360427832726,
        "(2, 3)": 0.7279295321446597,
        "(3, 2)": 0.7279295321446597,
        "(2, 4)": 0.6450927087065811,
        "(4, 2)": 0.6450927087065811,
        "(2, 5)": 0.4770409125616913,
        "(5, 2)": 0.4770409125616913,
        "(2, 6)": 0.9679435124556202,
        "(6, 2)": 0.9679435124556202,
        "(2, 7)": 0.44564747702734325,
        "(7, 2)": 0.44564747702734325,
        "(2, 8)": 0.41967457567931493,
        "(8, 2)": 0.41967457567931493,
        "(2, 9)": 0.6034243885526578,
        "(9, 2)": 0.6034243885526578,
        "(2, 10)": 0.3934088159249186,
        "(10, 2)": 0.3934088159249186,
        "(2, 11)": 0.6047645867741032,
        "(11, 2)": 0.6047645867741032,
        "(2, 12)": 0.7327627432512746,
        "(12, 2)": 0.7327627432512746,
        "(2, 13)": 0.4742287784380836,
        "(13, 2)": 0.4742287784380836,
        "(2, 14)": 0.6174335138304639,
        "(14, 2)": 0.6174335138304639,
        "(2, 15)": 0.26449813588519105,
        "(15, 2)": 0.26449813588519105,
        "(2, 16)": 0.8620616112066876,
        "(16, 2)": 0.8620616112066876,
        "(2, 17)": 0.25218691221743794,
        "(17, 2)": 0.25218691221743794,
        "(2, 18)": 0.46603213546860633,
        "(18, 2)": 0.46603213546860633,
        "(2, 19)": 0.6844545516663937,
        "(19, 2)": 0.6844545516663937,
        "(2, 20)": 0.6386430811105996,
        "(20, 2)": 0.6386430811105996,
        "(2, 21)": 0.5669116208752231,
        "(21, 2)": 0.5669116208752231,
        "(3, 4)": 0.3850548989549492,
        "(4, 3)": 0.3850548989549492,
        "(3, 5)": 0.4571411546653616,
        "(5, 3)": 0.4571411546653616,
        "(3, 6)": 0.2639158684667022,
        "(6, 3)": 0.2639158684667022,
        "(3, 7)": 0.29666002178989215,
        "(7, 3)": 0.29666002178989215,
        "(3, 8)": 0.4985568366615666,
        "(8, 3)": 0.4985568366615666,
        "(3, 9)": 0.4653869354417612,
        "(9, 3)": 0.4653869354417612,
        "(3, 10)": 0.42402641343289543,
        "(10, 3)": 0.42402641343289543,
        "(3, 11)": 0.12340625701061965,
        "(11, 3)": 0.12340625701061965,
        "(3, 12)": 0.31666593718388725,
        "(12, 3)": 0.31666593718388725,
        "(3, 13)": 0.6148648810360553,
        "(13, 3)": 0.6148648810360553,
        "(3, 14)": 0.3622563864884654,
        "(14, 3)": 0.3622563864884654,
        "(3, 15)": 0.5353770932358797,
        "(15, 3)": 0.5353770932358797,
        "(3, 16)": 0.1709160836034703,
        "(16, 3)": 0.1709160836034703,
        "(3, 17)": 0.9691536952029,
        "(17, 3)": 0.9691536952029,
        "(3, 18)": 0.6707010021554548,
        "(18, 3)": 0.6707010021554548,
        "(3, 19)": 0.46586340701875467,
        "(19, 3)": 0.46586340701875467,
        "(3, 20)": 0.14755450613598164,
        "(20, 3)": 0.14755450613598164,
        "(3, 21)": 0.6953235697050876,
        "(21, 3)": 0.6953235697050876,
        "(4, 5)": 0.17776866233822472,
        "(5, 4)": 0.17776866233822472,
        "(4, 6)": 0.46406011185317764,
        "(6, 4)": 0.46406011185317764,
        "(4, 7)": 0.29011901669335877,
        "(7, 4)": 0.29011901669335877,
        "(4, 8)": 0.6613047794738826,
        "(8, 4)": 0.6613047794738826,
        "(4, 9)": 0.09354419601465237,
        "(9, 4)": 0.09354419601465237,
        "(4, 10)": 0.2537417157256352,
        "(10, 4)": 0.2537417157256352,
        "(4, 11)": 0.3520476285770729,
        "(11, 4)": 0.3520476285770729,
        "(4, 12)": 0.6607863759592829,
        "(12, 4)": 0.6607863759592829,
        "(4, 13)": 0.7924800885982908,
        "(13, 4)": 0.7924800885982908,
        "(4, 14)": 0.6475621294200632,
        "(14, 4)": 0.6475621294200632,
        "(4, 15)": 0.3815391068954419,
        "(15, 4)": 0.3815391068954419,
        "(4, 16)": 0.548899280869757,
        "(16, 4)": 0.548899280869757,
        "(4, 17)": 0.8931720584288476,
        "(17, 4)": 0.8931720584288476,
        "(4, 18)": 0.8335497746159349,
        "(18, 4)": 0.8335497746159349,
        "(4, 19)": 0.7652912781109795,
        "(19, 4)": 0.7652912781109795,
        "(4, 20)": 0.45730316071108923,
        "(20, 4)": 0.45730316071108923,
        "(4, 21)": 0.8978818519163447,
        "(21, 4)": 0.8978818519163447,
        "(5, 6)": 0.6062091617382619,
        "(6, 5)": 0.6062091617382619,
        "(5, 7)": 0.2303245568858459,
        "(7, 5)": 0.2303245568858459,
        "(5, 8)": 0.5742596098224549,
        "(8, 5)": 0.5742596098224549,
        "(5, 9)": 0.12739026196473888,
        "(9, 5)": 0.12739026196473888,
        "(5, 10)": 0.11097164991247285,
        "(10, 5)": 0.11097164991247285,
        "(5, 11)": 0.3765414076327304,
        "(11, 5)": 0.3765414076327304,
        "(5, 12)": 0.6676775939303534,
        "(12, 5)": 0.6676775939303534,
        "(5, 13)": 0.7000677654690477,
        "(13, 5)": 0.7000677654690477,
        "(5, 14)": 0.6203842199575926,
        "(14, 5)": 0.6203842199575926,
        "(5, 15)": 0.2130071794914674,
        "(15, 5)": 0.2130071794914674,
        "(5, 16)": 0.6279396246069352,
        "(16, 5)": 0.6279396246069352,
        "(5, 17)": 0.7209317290812103,
        "(17, 5)": 0.7209317290812103,
        "(5, 18)": 0.7322032113845902,
        "(18, 5)": 0.7322032113845902,
        "(5, 19)": 0.7350524608268936,
        "(19, 5)": 0.7350524608268936,
        "(5, 20)": 0.4749108304993072,
        "(20, 5)": 0.4749108304993072,
        "(5, 21)": 0.8097193021867676,
        "(21, 5)": 0.8097193021867676,
        "(6, 7)": 0.5226556922683754,
        "(7, 6)": 0.5226556922683754,
        "(6, 8)": 0.7617259037220792,
        "(8, 6)": 0.7617259037220792,
        "(6, 9)": 0.557602055524027,
        "(9, 6)": 0.557602055524027,
        "(6, 10)": 0.6157785387587384,
        "(10, 6)": 0.6157785387587384,
        "(6, 11)": 0.37915699078754755,
        "(11, 6)": 0.37915699078754755,
        "(6, 12)": 0.5271939611526096,
        "(12, 6)": 0.5271939611526096,
        "(6, 13)": 0.8749497274425618,
        "(13, 6)": 0.8749497274425618,
        "(6, 14)": 0.6062446272188221,
        "(14, 6)": 0.6062446272188221,
        "(6, 15)": 0.7450418141501328,
        "(15, 6)": 0.7450418141501328,
        "(6, 16)": 0.2632840195316938,
        "(16, 6)": 0.2632840195316938,
        "(6, 17)": 1.2156422637401543,
        "(17, 6)": 1.2156422637401543,
        "(6, 18)": 0.9316967276032203,
        "(18, 6)": 0.9316967276032203,
        "(6, 19)": 0.6947025645101782,
        "(19, 6)": 0.6947025645101782,
        "(6, 20)": 0.40606395136416473,
        "(20, 6)": 0.40606395136416473,
        "(6, 21)": 0.9495262051242311,
        "(21, 6)": 0.9495262051242311,
        "(7, 8)": 0.37129217202336645,
        "(8, 7)": 0.37129217202336645,
        "(7, 9)": 0.3140736363200401,
        "(9, 7)": 0.3140736363200401,
        "(7, 10)": 0.14771298130099014,
        "(10, 7)": 0.14771298130099014,
        "(7, 11)": 0.18240172400631127,
        "(11, 7)": 0.18240172400631127,
        "(7, 12)": 0.44219801684412174,
        "(12, 7)": 0.44219801684412174,
        "(7, 13)": 0.5023757370148638,
        "(13, 7)": 0.5023757370148638,
        "(7, 14)": 0.39012471316811165,
        "(14, 7)": 0.39012471316811165,
        "(7, 15)": 0.239523539902495,
        "(15, 7)": 0.239523539902495,
        "(7, 16)": 0.45432228374974526,
        "(16, 7)": 0.45432228374974526,
        "(7, 17)": 0.6951545841927854,
        "(17, 7)": 0.6951545841927854,
        "(7, 18)": 0.5438530983700981,
        "(18, 7)": 0.5438530983700981,
        "(7, 19)": 0.5053031330442866,
        "(19, 7)": 0.5053031330442866,
        "(7, 20)": 0.26170955204078,
        "(20, 7)": 0.26170955204078,
        "(7, 21)": 0.6082241598039504,
        "(21, 7)": 0.6082241598039504,
        "(8, 9)": 0.6794209610179867,
        "(9, 8)": 0.6794209610179867,
        "(8, 10)": 0.46513633067015203,
        "(10, 8)": 0.46513633067015203,
        "(8, 11)": 0.39740583527507267,
        "(11, 8)": 0.39740583527507267,
        "(8, 12)": 0.3511417303387798,
        "(12, 8)": 0.3511417303387798,
        "(8, 13)": 0.13147657114426206,
        "(13, 8)": 0.13147657114426206,
        "(8, 14)": 0.22333702481734588,
        "(14, 8)": 0.22333702481734588,
        "(8, 15)": 0.4432819834023831,
        "(15, 8)": 0.4432819834023831,
        "(8, 16)": 0.564253966423463,
        "(16, 8)": 0.564253966423463,
        "(8, 17)": 0.5846440220688455,
        "(17, 8)": 0.5846440220688455,
        "(8, 18)": 0.17865174628947025,
        "(18, 8)": 0.17865174628947025,
        "(8, 19)": 0.26642344868836215,
        "(19, 8)": 0.26642344868836215,
        "(8, 20)": 0.35722963218592485,
        "(20, 8)": 0.35722963218592485,
        "(8, 21)": 0.23743143431632915,
        "(21, 8)": 0.23743143431632915,
        "(9, 10)": 0.23112133455199677,
        "(10, 9)": 0.23112133455199677,
        "(9, 11)": 0.41533440098798696,
        "(11, 9)": 0.41533440098798696,
        "(9, 12)": 0.7221729353125624,
        "(12, 9)": 0.7221729353125624,
        "(9, 13)": 0.8084472281426208,
        "(13, 9)": 0.8084472281426208,
        "(9, 14)": 0.6948121180613439,
        "(14, 9)": 0.6948121180613439,
        "(9, 15)": 0.34005704069569104,
        "(15, 9)": 0.34005704069569104,
        "(9, 16)": 0.6329159985168119,
        "(16, 9)": 0.6329159985168119,
        "(9, 17)": 0.8449221421509475,
        "(17, 9)": 0.8449221421509475,
        "(9, 18)": 0.8445271168390753,
        "(18, 9)": 0.8445271168390753,
        "(9, 19)": 0.8121437614211314,
        "(19, 9)": 0.8121437614211314,
        "(9, 20)": 0.5203053364132381,
        "(20, 9)": 0.5203053364132381,
        "(9, 21)": 0.9167246538908341,
        "(21, 9)": 0.9167246538908341,
        "(10, 11)": 0.3220539709130291,
        "(11, 10)": 0.3220539709130291,
        "(10, 12)": 0.5886449272964095,
        "(12, 10)": 0.5886449272964095,
        "(10, 13)": 0.5898088452324315,
        "(13, 10)": 0.5898088452324315,
        "(10, 14)": 0.5277912160279609,
        "(14, 10)": 0.5277912160279609,
        "(10, 15)": 0.13545102779124332,
        "(15, 10)": 0.13545102779124332,
        "(10, 16)": 0.5900207345606047,
        "(16, 10)": 0.5900207345606047,
        "(10, 17)": 0.6438909221043284,
        "(17, 10)": 0.6438909221043284,
        "(10, 18)": 0.6213137000861955,
        "(18, 10)": 0.6213137000861955,
        "(10, 19)": 0.6394395697564363,
        "(19, 10)": 0.6394395697564363,
        "(10, 20)": 0.4086752885454141,
        "(20, 10)": 0.4086752885454141,
        "(10, 21)": 0.6996641565912334,
        "(21, 10)": 0.6996641565912334,
        "(11, 12)": 0.308817194724234,
        "(12, 11)": 0.308817194724234,
        "(11, 13)": 0.5216228906918158,
        "(13, 11)": 0.5216228906918158,
        "(11, 14)": 0.30784594523968856,
        "(14, 11)": 0.30784594523968856,
        "(11, 15)": 0.4215017846942993,
        "(15, 11)": 0.4215017846942993,
        "(11, 16)": 0.27198639542032677,
        "(16, 11)": 0.27198639542032677,
        "(11, 17)": 0.8458135864333652,
        "(17, 11)": 0.8458135864333652,
        "(11, 18)": 0.5745564359359501,
        "(18, 11)": 0.5745564359359501,
        "(11, 19)": 0.4232711631850505,
        "(19, 11)": 0.4232711631850505,
        "(11, 20)": 0.10546542830587805,
        "(20, 11)": 0.10546542830587805,
        "(11, 21)": 0.6119220290598657,
        "(21, 11)": 0.6119220290598657,
        "(12, 13)": 0.4144385467625118,
        "(13, 12)": 0.4144385467625118,
        "(12, 14)": 0.12825670726299382,
        "(14, 12)": 0.12825670726299382,
        "(12, 15)": 0.6455026753545089,
        "(15, 12)": 0.6455026753545089,
        "(12, 16)": 0.27265272822261033,
        "(16, 12)": 0.27265272822261033,
        "(12, 17)": 0.9291491914675931,
        "(17, 12)": 0.9291491914675931,
        "(12, 18)": 0.4724412679795608,
        "(18, 12)": 0.4724412679795608,
        "(12, 19)": 0.17127342620359065,
        "(19, 12)": 0.17127342620359065,
        "(12, 20)": 0.2034866285968597,
        "(20, 12)": 0.2034866285968597,
        "(12, 21)": 0.4561832077000128,
        "(21, 12)": 0.4561832077000128,
        "(13, 14)": 0.29129785563901345,
        "(14, 13)": 0.29129785563901345,
        "(13, 15)": 0.5530011381504183,
        "(15, 13)": 0.5530011381504183,
        "(13, 16)": 0.6591521785319969,
        "(16, 13)": 0.6591521785319969,
        "(13, 17)": 0.5865318412685515,
        "(17, 13)": 0.5865318412685515,
        "(13, 18)": 0.058686666053500945,
        "(18, 13)": 0.058686666053500945,
        "(13, 19)": 0.2792677804919643,
        "(19, 13)": 0.2792677804919643,
        "(13, 20)": 0.4690652527302449,
        "(20, 13)": 0.4690652527302449,
        "(13, 21)": 0.11026723446066983,
        "(21, 13)": 0.11026723446066983,
        "(14, 15)": 0.5614049585490856,
        "(15, 14)": 0.5614049585490856,
        "(14, 16)": 0.37205249080541575,
        "(16, 14)": 0.37205249080541575,
        "(14, 17)": 0.8044990379005715,
        "(17, 14)": 0.8044990379005715,
        "(14, 18)": 0.3498966651476739,
        "(18, 14)": 0.3498966651476739,
        "(14, 19)": 0.11776670359816645,
        "(19, 14)": 0.11776670359816645,
        "(14, 20)": 0.21842498756215412,
        "(20, 14)": 0.21842498756215412,
        "(14, 21)": 0.3468538156260929,
        "(21, 14)": 0.3468538156260929,
        "(15, 16)": 0.6934653404135513,
        "(16, 15)": 0.6934653404135513,
        "(15, 17)": 0.5117049916225074,
        "(17, 15)": 0.5117049916225074,
        "(15, 18)": 0.5729033311299574,
        "(18, 15)": 0.5729033311299574,
        "(15, 19)": 0.6619958531855283,
        "(19, 15)": 0.6619958531855283,
        "(15, 20)": 0.49075846402587087,
        "(20, 15)": 0.49075846402587087,
        "(15, 21)": 0.6624368717307957,
        "(21, 15)": 0.6624368717307957,
        "(16, 17)": 1.0922815308656346,
        "(17, 16)": 1.0922815308656346,
        "(16, 18)": 0.7177168618182579,
        "(18, 16)": 0.7177168618182579,
        "(16, 19)": 0.44371142611932274,
        "(19, 16)": 0.44371142611932274,
        "(16, 20)": 0.22525480531548212,
        "(20, 16)": 0.22525480531548212,
        "(16, 21)": 0.718415379636533,
        "(21, 16)": 0.718415379636533,
        "(17, 18)": 0.5538305848603288,
        "(18, 17)": 0.5538305848603288,
        "(17, 19)": 0.8455644354948566,
        "(19, 17)": 0.8455644354948566,
        "(17, 20)": 0.8670287137724344,
        "(20, 17)": 0.8670287137724344,
        "(17, 21)": 0.647253194790328,
        "(21, 17)": 0.647253194790328,
        "(18, 19)": 0.3325723504825221,
        "(19, 18)": 0.3325723504825221,
        "(18, 20)": 0.5256424870063464,
        "(20, 18)": 0.5256424870063464,
        "(18, 21)": 0.10097211209022619,
        "(21, 18)": 0.10097211209022619,
        "(19, 20)": 0.3284606795274337,
        "(20, 19)": 0.3284606795274337,
        "(19, 21)": 0.29584676699216583,
        "(21, 19)": 0.29584676699216583,
        "(20, 21)": 0.54780395167355,
        "(21, 20)": 0.54780395167355
    },
    "statistics": {
        "avg_distance": 0.5,
        "min_distance": 0.058686666053500945,
        "max_distance": 1.2156422637401543
    }
}