{
    "instance_id": "LARGE_03",
    "group": "Large",
    "group_key": "large",
    "instance_number_in_group": 3,
    "parameters": {
        "I_range": [
            22,
            30
        ],
        "p_range": [
            13,
            20
        ]
    },
    "I": 23,
    "p": 17,
    "facilities": [
        [
            0.3102591676119836,
            0.6245245785950398
        ],
        [
            0.08838290334706811,
            0.17183021277043675
        ],
        [
            0.7672837791163923,
            0.43049385370564675
        ],
        [
            0.47126533843496254,
            0.4696901932920724
        ],
        [
            0.19041530884232305,
            0.5254490258810356
        ],
        [
            0.9061500427608693,
            0.1852912169657953
        ],
        [
            0.21933511282595453,
            0.5306005197401126
        ],
        [
            0.7237885723136038,
            0.20399238727562774
        ],
        [
            0.752557974689591,
            0.24607915980350004
        ],
        [
            0.7736188015605366,
            0.7962378491680908
        ],
        [
            0.5927410479847232,
            0.5060704967145059
        ],
        [
            0.03006628596078109,
            0.818381524788776
        ],
        [
            0.9205129825336038,
            0.8028373386115017
        ],
        [
            0.5242807333551935,
            0.14809759575547954
        ],
        [
            0.31600784654445235,
            0.5913578857588789
        ],
        [
            0.43443480031766646,
            0.21608744529525004
        ],
        [
            0.11353150458792616,
            0.11884818063623703
        ],
        [
            0.9707935984334026,
            0.8100284089156968
        ],
        [
            0.05948531308663885,
            0.5012460064859915
        ],
        [
            0.02262059301565622,
            0.5343927713385447
        ],
        [
            0.22762277897023142,
            0.40880188094092873
        ],
        [
            0.334877387288258,
            0.32082609647275917
        ],
        [
            0.5400264772185557,
            0.6782713100509717
        ]
    ],
    "distanceMatrix": {
        "(0, 1)": 0.504144091995031,
        "(1, 0)": 0.504144091995031,
        "(0, 2)": 0.4965072181971367,
        "(2, 0)": 0.4965072181971367,
        "(0, 3)": 0.22337563411264458,
        "(3, 0)": 0.22337563411264458,
        "(0, 4)": 0.15549442314883122,
        "(4, 0)": 0.15549442314883122,
        "(0, 5)": 0.7402782456980832,
        "(5, 0)": 0.7402782456980832,
        "(0, 6)": 0.13072456758588513,
        "(6, 0)": 0.13072456758588513,
        "(0, 7)": 0.589791397435384,
        "(7, 0)": 0.589791397435384,
        "(0, 8)": 0.5821075242140222,
        "(8, 0)": 0.5821075242140222,
        "(0, 9)": 0.49415341510894256,
        "(9, 0)": 0.49415341510894256,
        "(0, 10)": 0.30631255647308847,
        "(10, 0)": 0.30631255647308847,
        "(0, 11)": 0.34071772263204314,
        "(11, 0)": 0.34071772263204314,
        "(0, 12)": 0.6357713103082582,
        "(12, 0)": 0.6357713103082582,
        "(0, 13)": 0.5222910113919077,
        "(13, 0)": 0.5222910113919077,
        "(0, 14)": 0.033661206501800524,
        "(14, 0)": 0.033661206501800524,
        "(0, 15)": 0.42689633357058354,
        "(15, 0)": 0.42689633357058354,
        "(0, 16)": 0.5425959757052171,
        "(16, 0)": 0.5425959757052171,
        "(0, 17)": 0.6860884821684526,
        "(17, 0)": 0.6860884821684526,
        "(0, 18)": 0.27943717085374414,
        "(18, 0)": 0.27943717085374414,
        "(0, 19)": 0.30142941507943277,
        "(19, 0)": 0.30142941507943277,
        "(0, 20)": 0.23100877691316782,
        "(20, 0)": 0.23100877691316782,
        "(0, 21)": 0.3046946418685543,
        "(21, 0)": 0.3046946418685543,
        "(0, 22)": 0.23596976015167373,
        "(22, 0)": 0.23596976015167373,
        "(1, 2)": 0.7265075899549946,
        "(2, 1)": 0.7265075899549946,
        "(1, 3)": 0.48509744082522727,
        "(3, 1)": 0.48509744082522727,
        "(1, 4)": 0.36804466679588876,
        "(4, 1)": 0.36804466679588876,
        "(1, 5)": 0.817877920559651,
        "(5, 1)": 0.817877920559651,
        "(1, 6)": 0.381922262156211,
        "(6, 1)": 0.381922262156211,
        "(1, 7)": 0.636219120762425,
        "(7, 1)": 0.636219120762425,
        "(1, 8)": 0.6683123757109125,
        "(8, 1)": 0.6683123757109125,
        "(1, 9)": 0.9270561647452241,
        "(9, 1)": 0.9270561647452241,
        "(1, 10)": 0.6050567787186172,
        "(10, 1)": 0.6050567787186172,
        "(1, 11)": 0.6491759599184296,
        "(11, 1)": 0.6491759599184296,
        "(1, 12)": 1.0443229680272248,
        "(12, 1)": 1.0443229680272248,
        "(1, 13)": 0.436543417446846,
        "(13, 1)": 0.436543417446846,
        "(1, 14)": 0.4773013546688399,
        "(14, 1)": 0.4773013546688399,
        "(1, 15)": 0.348870488903411,
        "(15, 1)": 0.348870488903411,
        "(1, 16)": 0.0586476587208821,
        "(16, 1)": 0.0586476587208821,
        "(1, 17)": 1.0890112820195261,
        "(17, 1)": 1.0890112820195261,
        "(1, 18)": 0.33068086710922445,
        "(18, 1)": 0.33068086710922445,
        "(1, 19)": 0.3684783444594507,
        "(19, 1)": 0.3684783444594507,
        "(1, 20)": 0.27485144074401313,
        "(20, 1)": 0.27485144074401313,
        "(1, 21)": 0.2880265681732668,
        "(21, 1)": 0.2880265681732668,
        "(1, 22)": 0.6785753479416433,
        "(22, 1)": 0.6785753479416433,
        "(2, 3)": 0.29860219399803406,
        "(3, 2)": 0.29860219399803406,
        "(2, 4)": 0.5846312656018343,
        "(4, 2)": 0.5846312656018343,
        "(2, 5)": 0.28179455680114357,
        "(5, 2)": 0.28179455680114357,
        "(2, 6)": 0.5570180297566728,
        "(6, 2)": 0.5570180297566728,
        "(2, 7)": 0.23063986496216643,
        "(7, 2)": 0.23063986496216643,
        "(2, 8)": 0.18500169902743832,
        "(8, 2)": 0.18500169902743832,
        "(2, 9)": 0.3657988555561651,
        "(9, 2)": 0.3657988555561651,
        "(2, 10)": 0.19020250776314884,
        "(10, 2)": 0.19020250776314884,
        "(2, 11)": 0.833034499641484,
        "(11, 2)": 0.833034499641484,
        "(2, 12)": 0.4026398633167236,
        "(12, 2)": 0.4026398633167236,
        "(2, 13)": 0.372556206166904,
        "(13, 2)": 0.372556206166904,
        "(2, 14)": 0.4790899749807936,
        "(14, 2)": 0.4790899749807936,
        "(2, 15)": 0.39592745630329873,
        "(15, 2)": 0.39592745630329873,
        "(2, 16)": 0.724234120981626,
        "(16, 2)": 0.724234120981626,
        "(2, 17)": 0.4306538344853471,
        "(17, 2)": 0.4306538344853471,
        "(2, 18)": 0.7113258997373324,
        "(18, 2)": 0.7113258997373324,
        "(2, 19)": 0.7518764830868081,
        "(19, 2)": 0.7518764830868081,
        "(2, 20)": 0.5400967846239968,
        "(20, 2)": 0.5400967846239968,
        "(2, 21)": 0.44609674362218515,
        "(21, 2)": 0.44609674362218515,
        "(2, 22)": 0.3362135469293941,
        "(22, 2)": 0.3362135469293941,
        "(3, 4)": 0.2863316024016045,
        "(4, 3)": 0.2863316024016045,
        "(3, 5)": 0.5196224435030358,
        "(5, 3)": 0.5196224435030358,
        "(3, 6)": 0.25918893966257994,
        "(6, 3)": 0.25918893966257994,
        "(3, 7)": 0.3665560090497484,
        "(7, 3)": 0.3665560090497484,
        "(3, 8)": 0.359343069376475,
        "(8, 3)": 0.359343069376475,
        "(3, 9)": 0.44502919929163126,
        "(9, 3)": 0.44502919929163126,
        "(3, 10)": 0.1268064449770836,
        "(10, 3)": 0.1268064449770836,
        "(3, 11)": 0.5623542020515714,
        "(11, 3)": 0.5623542020515714,
        "(3, 12)": 0.559294614816435,
        "(12, 3)": 0.559294614816435,
        "(3, 13)": 0.325933169359734,
        "(13, 3)": 0.325933169359734,
        "(3, 14)": 0.1972508965209772,
        "(14, 3)": 0.1972508965209772,
        "(3, 15)": 0.25626322859425105,
        "(15, 3)": 0.25626322859425105,
        "(3, 16)": 0.5010624848492415,
        "(16, 3)": 0.5010624848492415,
        "(3, 17)": 0.6044489916865954,
        "(17, 3)": 0.6044489916865954,
        "(3, 18)": 0.41298735891331545,
        "(18, 3)": 0.41298735891331545,
        "(3, 19)": 0.4532863677612796,
        "(19, 3)": 0.4532863677612796,
        "(3, 20)": 0.25113558760855753,
        "(20, 3)": 0.25113558760855753,
        "(3, 21)": 0.20189648966692247,
        "(21, 3)": 0.20189648966692247,
        "(3, 22)": 0.21962280499803785,
        "(22, 3)": 0.21962280499803785,
        "(4, 5)": 0.7924541275704666,
        "(5, 4)": 0.7924541275704666,
        "(4, 6)": 0.02937503959881203,
        "(6, 4)": 0.02937503959881203,
        "(4, 7)": 0.6227530880609843,
        "(7, 4)": 0.6227530880609843,
        "(4, 8)": 0.6277355325597344,
        "(8, 4)": 0.6277355325597344,
        "(4, 9)": 0.643003033224503,
        "(9, 4)": 0.643003033224503,
        "(4, 10)": 0.4027921644832936,
        "(10, 4)": 0.4027921644832936,
        "(4, 11)": 0.33394798705097567,
        "(11, 4)": 0.33394798705097567,
        "(4, 12)": 0.781016574196012,
        "(12, 4)": 0.781016574196012,
        "(4, 13)": 0.503845436123978,
        "(13, 4)": 0.503845436123978,
        "(4, 14)": 0.14183604385648227,
        "(14, 4)": 0.14183604385648227,
        "(4, 15)": 0.39401789269323884,
        "(15, 4)": 0.39401789269323884,
        "(4, 16)": 0.41380595296637895,
        "(16, 4)": 0.41380595296637895,
        "(4, 17)": 0.8306477593501876,
        "(17, 4)": 0.8306477593501876,
        "(4, 18)": 0.13314822543474006,
        "(18, 4)": 0.13314822543474006,
        "(4, 19)": 0.1680329052363274,
        "(19, 4)": 0.1680329052363274,
        "(4, 20)": 0.12243754430728138,
        "(20, 4)": 0.12243754430728138,
        "(4, 21)": 0.25047921140993706,
        "(21, 4)": 0.25047921140993706,
        "(4, 22)": 0.3815529053647884,
        "(22, 4)": 0.3815529053647884,
        "(5, 6)": 0.7687348454206996,
        "(6, 5)": 0.7687348454206996,
        "(5, 7)": 0.18331786512679618,
        "(7, 5)": 0.18331786512679618,
        "(5, 8)": 0.16518382901740794,
        "(8, 5)": 0.16518382901740794,
        "(5, 9)": 0.6251562343074151,
        "(9, 5)": 0.6251562343074151,
        "(5, 10)": 0.44846911189366867,
        "(10, 5)": 0.44846911189366867,
        "(5, 11)": 1.0808913390292072,
        "(11, 5)": 1.0808913390292072,
        "(5, 12)": 0.6177131262961545,
        "(12, 5)": 0.6177131262961545,
        "(5, 13)": 0.38367634136691847,
        "(13, 5)": 0.38367634136691847,
        "(5, 14)": 0.7163504388634433,
        "(14, 5)": 0.7163504388634433,
        "(5, 15)": 0.47271944917949965,
        "(15, 5)": 0.47271944917949965,
        "(5, 16)": 0.7953985316381369,
        "(16, 5)": 0.7953985316381369,
        "(5, 17)": 0.6280727253236172,
        "(17, 5)": 0.6280727253236172,
        "(5, 18)": 0.903697180196491,
        "(18, 5)": 0.903697180196491,
        "(5, 19)": 0.9499979914886919,
        "(19, 5)": 0.9499979914886919,
        "(5, 20)": 0.7143922344327484,
        "(20, 5)": 0.7143922344327484,
        "(5, 21)": 0.5871304373422451,
        "(21, 5)": 0.5871304373422451,
        "(5, 22)": 0.6140650107469778,
        "(22, 5)": 0.6140650107469778,
        "(6, 7)": 0.6009543784523048,
        "(7, 6)": 0.6009543784523048,
        "(6, 8)": 0.6043831770278075,
        "(8, 6)": 0.6043831770278075,
        "(6, 9)": 0.6146491669097448,
        "(9, 6)": 0.6146491669097448,
        "(6, 10)": 0.37421078878278125,
        "(10, 6)": 0.37421078878278125,
        "(6, 11)": 0.3444424417660196,
        "(11, 6)": 0.3444424417660196,
        "(6, 12)": 0.7521723808522689,
        "(12, 6)": 0.7521723808522689,
        "(6, 13)": 0.48918331772123685,
        "(13, 6)": 0.48918331772123685,
        "(6, 14)": 0.11418001125479858,
        "(14, 6)": 0.11418001125479858,
        "(6, 15)": 0.3810332656813467,
        "(15, 6)": 0.3810332656813467,
        "(6, 16)": 0.4251286773127627,
        "(16, 6)": 0.4251286773127627,
        "(6, 17)": 0.8017292565701727,
        "(17, 6)": 0.8017292565701727,
        "(6, 18)": 0.16252275509935737,
        "(18, 6)": 0.16252275509935737,
        "(6, 19)": 0.1967510698227129,
        "(19, 6)": 0.1967510698227129,
        "(6, 20)": 0.12208027614423653,
        "(20, 6)": 0.12208027614423653,
        "(6, 21)": 0.23948971970644797,
        "(21, 6)": 0.23948971970644797,
        "(6, 22)": 0.35305752152733105,
        "(22, 6)": 0.35305752152733105,
        "(7, 8)": 0.0509801425545704,
        "(8, 7)": 0.0509801425545704,
        "(7, 9)": 0.5943380678359907,
        "(9, 7)": 0.5943380678359907,
        "(7, 10)": 0.3292789665844076,
        "(10, 7)": 0.3292789665844076,
        "(7, 11)": 0.9266739571590096,
        "(11, 7)": 0.9266739571590096,
        "(7, 12)": 0.6303298892777275,
        "(12, 7)": 0.6303298892777275,
        "(7, 13)": 0.20718978142016514,
        "(13, 7)": 0.20718978142016514,
        "(7, 14)": 0.562438574178544,
        "(14, 7)": 0.562438574178544,
        "(7, 15)": 0.28960644985354683,
        "(15, 7)": 0.28960644985354683,
        "(7, 16)": 0.6161681788549239,
        "(16, 7)": 0.6161681788549239,
        "(7, 17)": 0.6544395636372886,
        "(17, 7)": 0.6544395636372886,
        "(7, 18)": 0.7277764315730678,
        "(18, 7)": 0.7277764315730678,
        "(7, 19)": 0.7751135071598805,
        "(19, 7)": 0.7751135071598805,
        "(7, 20)": 0.5367750210092633,
        "(20, 7)": 0.5367750210092633,
        "(7, 21)": 0.40608130398059283,
        "(21, 7)": 0.40608130398059283,
        "(7, 22)": 0.5086344504481212,
        "(22, 7)": 0.5086344504481212,
        "(8, 9)": 0.5505616604085797,
        "(9, 8)": 0.5505616604085797,
        "(8, 10)": 0.3051834617572866,
        "(10, 8)": 0.3051834617572866,
        "(8, 11)": 0.9216963910366296,
        "(11, 8)": 0.9216963910366296,
        "(8, 12)": 0.5815398131938047,
        "(12, 8)": 0.5815398131938047,
        "(8, 13)": 0.24841675830052018,
        "(13, 8)": 0.24841675830052018,
        "(8, 14)": 0.5565908847447167,
        "(14, 8)": 0.5565908847447167,
        "(8, 15)": 0.31953381200056785,
        "(15, 8)": 0.31953381200056785,
        "(8, 16)": 0.6515692991159531,
        "(16, 8)": 0.6515692991159531,
        "(8, 17)": 0.6047028551652961,
        "(17, 8)": 0.6047028551652961,
        "(8, 18)": 0.7385525261667488,
        "(18, 8)": 0.7385525261667488,
        "(8, 19)": 0.7848141944188957,
        "(19, 8)": 0.7848141944188957,
        "(8, 20)": 0.5495776957622022,
        "(20, 8)": 0.5495776957622022,
        "(8, 21)": 0.42431612935800683,
        "(21, 8)": 0.42431612935800683,
        "(8, 22)": 0.4816219390277127,
        "(22, 8)": 0.4816219390277127,
        "(9, 10)": 0.3419266795214373,
        "(10, 9)": 0.3419266795214373,
        "(9, 11)": 0.7438821720035498,
        "(11, 9)": 0.7438821720035498,
        "(9, 12)": 0.14704235330224386,
        "(12, 9)": 0.14704235330224386,
        "(9, 13)": 0.6944460096725564,
        "(13, 9)": 0.6944460096725564,
        "(9, 14)": 0.5013816765272667,
        "(14, 9)": 0.5013816765272667,
        "(9, 15)": 0.6720269918782605,
        "(15, 9)": 0.6720269918782605,
        "(9, 16)": 0.945818165747678,
        "(16, 9)": 0.945818165747678,
        "(9, 17)": 0.19765646981570892,
        "(17, 9)": 0.19765646981570892,
        "(9, 18)": 0.7726621684856061,
        "(18, 9)": 0.7726621684856061,
        "(9, 19)": 0.7953371323037677,
        "(19, 9)": 0.7953371323037677,
        "(9, 20)": 0.6694910650341434,
        "(20, 9)": 0.6694910650341434,
        "(9, 21)": 0.6469237692328876,
        "(21, 9)": 0.6469237692328876,
        "(9, 22)": 0.26168966036654945,
        "(22, 9)": 0.26168966036654945,
        "(10, 11)": 0.6435379290107984,
        "(11, 10)": 0.6435379290107984,
        "(10, 12)": 0.44215947295905833,
        "(12, 10)": 0.44215947295905833,
        "(10, 13)": 0.36446044024035734,
        "(13, 10)": 0.36446044024035734,
        "(10, 14)": 0.2895776295044003,
        "(14, 10)": 0.2895776295044003,
        "(10, 15)": 0.33038014189845955,
        "(15, 10)": 0.33038014189845955,
        "(10, 16)": 0.6161030015765102,
        "(16, 10)": 0.6161030015765102,
        "(10, 17)": 0.4850918915942197,
        "(17, 10)": 0.4850918915942197,
        "(10, 18)": 0.5332775586012044,
        "(18, 10)": 0.5332775586012044,
        "(10, 19)": 0.5708235142441273,
        "(19, 10)": 0.5708235142441273,
        "(10, 20)": 0.377852529411471,
        "(20, 10)": 0.377852529411471,
        "(10, 21)": 0.3175045752878313,
        "(21, 10)": 0.3175045752878313,
        "(10, 22)": 0.18008871726124778,
        "(22, 10)": 0.18008871726124778,
        "(11, 12)": 0.8905823606839327,
        "(12, 11)": 0.8905823606839327,
        "(11, 13)": 0.8327835646395032,
        "(13, 11)": 0.8327835646395032,
        "(11, 14)": 0.3651058870347099,
        "(14, 11)": 0.3651058870347099,
        "(11, 15)": 0.7254461066103729,
        "(15, 11)": 0.7254461066103729,
        "(11, 16)": 0.704495097429153,
        "(16, 11)": 0.704495097429153,
        "(11, 17)": 0.9407643971668732,
        "(17, 11)": 0.9407643971668732,
        "(11, 18)": 0.3184971210642378,
        "(18, 11)": 0.3184971210642378,
        "(11, 19)": 0.2840863432649471,
        "(19, 11)": 0.2840863432649471,
        "(11, 20)": 0.45473514553498323,
        "(20, 11)": 0.45473514553498323,
        "(11, 21)": 0.5834991103156922,
        "(21, 11)": 0.5834991103156922,
        "(11, 22)": 0.5288575128912698,
        "(22, 11)": 0.5288575128912698,
        "(12, 13)": 0.7653000236274345,
        "(13, 12)": 0.7653000236274345,
        "(12, 14)": 0.6404295577314552,
        "(14, 12)": 0.6404295577314552,
        "(12, 15)": 0.761936635510449,
        "(15, 12)": 0.761936635510449,
        "(12, 16)": 1.0578564524429115,
        "(16, 12)": 1.0578564524429115,
        "(12, 17)": 0.05079224180308424,
        "(17, 12)": 0.05079224180308424,
        "(12, 18)": 0.9123190117313744,
        "(18, 12)": 0.9123190117313744,
        "(12, 19)": 0.9371623279094262,
        "(19, 12)": 0.9371623279094262,
        "(12, 20)": 0.797095211436971,
        "(20, 12)": 0.797095211436971,
        "(12, 21)": 0.7584878957284051,
        "(21, 12)": 0.7584878957284051,
        "(12, 22)": 0.4003581848772433,
        "(22, 12)": 0.4003581848772433,
        "(13, 14)": 0.4897522639808595,
        "(14, 13)": 0.4897522639808595,
        "(13, 15)": 0.11267169708415876,
        "(15, 13)": 0.11267169708415876,
        "(13, 16)": 0.41178933596891837,
        "(16, 13)": 0.41178933596891837,
        "(13, 17)": 0.7984523405259061,
        "(17, 13)": 0.7984523405259061,
        "(13, 18)": 0.5837367409236023,
        "(18, 13)": 0.5837367409236023,
        "(13, 19)": 0.6331562675076631,
        "(19, 13)": 0.6331562675076631,
        "(13, 20)": 0.39493374914525387,
        "(20, 13)": 0.39493374914525387,
        "(13, 21)": 0.2563372045985339,
        "(21, 13)": 0.2563372045985339,
        "(13, 22)": 0.5304074808858645,
        "(22, 13)": 0.5304074808858645,
        "(14, 15)": 0.3935134646562542,
        "(15, 14)": 0.3935134646562542,
        "(14, 16)": 0.5140642863370126,
        "(16, 14)": 0.5140642863370126,
        "(14, 17)": 0.6903341064835594,
        "(17, 14)": 0.6903341064835594,
        "(14, 18)": 0.2718896117134792,
        "(18, 14)": 0.2718896117134792,
        "(14, 19)": 0.29886636611384004,
        "(19, 14)": 0.29886636611384004,
        "(14, 20)": 0.2028265640028225,
        "(20, 14)": 0.2028265640028225,
        "(14, 21)": 0.2711890642747816,
        "(21, 14)": 0.2711890642747816,
        "(14, 22)": 0.24028793188855252,
        "(22, 14)": 0.24028793188855252,
        "(15, 16)": 0.33531239136309104,
        "(16, 15)": 0.33531239136309104,
        "(15, 17)": 0.8002790941806126,
        "(17, 15)": 0.8002790941806126,
        "(15, 18)": 0.47106530650769046,
        "(18, 15)": 0.47106530650769046,
        "(15, 19)": 0.52048940615858,
        "(19, 15)": 0.52048940615858,
        "(15, 20)": 0.282683685203169,
        "(20, 15)": 0.282683685203169,
        "(15, 21)": 0.14450558307412265,
        "(21, 15)": 0.14450558307412265,
        "(15, 22)": 0.47409231914393746,
        "(22, 15)": 0.47409231914393746,
        "(16, 17)": 1.1011940816716992,
        "(17, 16)": 1.1011940816716992,
        "(16, 18)": 0.38619824964700833,
        "(18, 16)": 0.38619824964700833,
        "(16, 19)": 0.42537289606279505,
        "(19, 16)": 0.42537289606279505,
        "(16, 20)": 0.3115926302250447,
        "(20, 16)": 0.3115926302250447,
        "(16, 21)": 0.2996482575855469,
        "(21, 16)": 0.2996482575855469,
        "(16, 22)": 0.7034573188213884,
        "(22, 16)": 0.7034573188213884,
        "(17, 18)": 0.9622002717687826,
        "(18, 17)": 0.9622002717687826,
        "(17, 19)": 0.9874244542776348,
        "(19, 17)": 0.9874244542776348,
        "(17, 20)": 0.8445623681246097,
        "(20, 17)": 0.8445623681246097,
        "(17, 21)": 0.8023143586504692,
        "(21, 17)": 0.8023143586504692,
        "(17, 22)": 0.4504666977934946,
        "(22, 17)": 0.4504666977934946,
        "(18, 19)": 0.049575352808652454,
        "(19, 18)": 0.049575352808652454,
        "(18, 20)": 0.19187528184095934,
        "(20, 18)": 0.19187528184095934,
        "(18, 21)": 0.3292296135864041,
        "(21, 18)": 0.3292296135864041,
        "(18, 22)": 0.5121110900259154,
        "(22, 18)": 0.5121110900259154,
        "(19, 20)": 0.24041415931059512,
        "(20, 19)": 0.24041415931059512,
        "(19, 21)": 0.37830547204954634,
        "(21, 19)": 0.37830547204954634,
        "(19, 22)": 0.5370380646749423,
        "(22, 19)": 0.5370380646749423,
        "(20, 21)": 0.13872018475421347,
        "(21, 20)": 0.13872018475421347,
        "(20, 22)": 0.41256495719355823,
        "(22, 20)": 0.41256495719355823,
        "(21, 22)": 0.4121325391293478,
        "(22, 21)": 0.4121325391293478
    },
    "statistics": {
        "avg_distance": 0.49,
        "min_distance": 0.02937503959881203,
        "max_distance": 1.1011940816716992
    }
}