{
    "instance_id": "MEDIUM_09",
    "group": "Medium",
    "group_key": "medium",
    "instance_number_in_group": 9,
    "parameters": {
        "I_range": [
            15,
            20
        ],
        "p_range": [
            8,
            13
        ]
    },
    "I": 20,
    "p": 13,
    "facilities": [
        [
            0.31687152507149374,
            0.4871979229703196
        ],
        [
            0.6456925903919384,
            0.015322341967658248
        ],
        [
            0.8866429665487849,
            0.96261700726531
        ],
        [
            0.16899641719736858,
            0.6153067418311299
        ],
        [
            0.4167150081329051,
            0.3818064965919302
        ],
        [
            0.8774982750225375,
            0.559545085660841
        ],
        [
            0.9503134193869619,
            0.41520890913953823
        ],
        [
            0.9949071128706148,
            0.36978580600895594
        ],
        [
            0.20894425469951428,
            0.9569309046386575
        ],
        [
            0.212953328310437,
            0.6583353227044338
        ],
        [
            0.9864843847293353,
            0.6467129276418193
        ],
        [
            0.8200403974012509,
            0.8438167399923089
        ],
        [
            0.8692600219390413,
            0.3547992857678117
        ],
        [
            0.8774726219085458,
            0.0138793698304015
        ],
        [
            0.21420286238543995,
            0.6936684739495459
        ],
        [
            0.5998539049868133,
            0.6523117043820382
        ],
        [
            0.4579649185852195,
            0.05219287149832286
        ],
        [
            0.4043974155447163,
            0.27515975377659074
        ],
        [
            0.3465632611897619,
            0.4833453173513961
        ],
        [
            0.3024624845326521,
            0.3413558554422118
        ]
    ],
    "distanceMatrix": {
        "(0, 1)": 0.5751433359998804,
        "(1, 0)": 0.5751433359998804,
        "(0, 2)": 0.7420665746649673,
        "(2, 0)": 0.7420665746649673,
        "(0, 3)": 0.19564998594095542,
        "(3, 0)": 0.19564998594095542,
        "(0, 4)": 0.14517600994622287,
        "(4, 0)": 0.14517600994622287,
        "(0, 5)": 0.5652755652865591,
        "(5, 0)": 0.5652755652865591,
        "(0, 6)": 0.6375194519277801,
        "(6, 0)": 0.6375194519277801,
        "(0, 7)": 0.688126342710006,
        "(7, 0)": 0.688126342710006,
        "(0, 8)": 0.48197237447490016,
        "(8, 0)": 0.48197237447490016,
        "(0, 9)": 0.20021738487410057,
        "(9, 0)": 0.20021738487410057,
        "(0, 10)": 0.688350505581641,
        "(10, 0)": 0.688350505581641,
        "(0, 11)": 0.6167300014883033,
        "(11, 0)": 0.6167300014883033,
        "(0, 12)": 0.5680338463548364,
        "(12, 0)": 0.5680338463548364,
        "(0, 13)": 0.7336920624631095,
        "(13, 0)": 0.7336920624631095,
        "(0, 14)": 0.23058825364577437,
        "(14, 0)": 0.23058825364577437,
        "(0, 15)": 0.3276302613535799,
        "(15, 0)": 0.3276302613535799,
        "(0, 16)": 0.45731470619188885,
        "(16, 0)": 0.45731470619188885,
        "(0, 17)": 0.22939260384362645,
        "(17, 0)": 0.22939260384362645,
        "(0, 18)": 0.029940637330755505,
        "(18, 0)": 0.029940637330755505,
        "(0, 19)": 0.1465521378558605,
        "(19, 0)": 0.1465521378558605,
        "(1, 2)": 0.9774580638940557,
        "(2, 1)": 0.9774580638940557,
        "(1, 3)": 0.7663031525564001,
        "(3, 1)": 0.7663031525564001,
        "(1, 4)": 0.4321358221298711,
        "(4, 1)": 0.4321358221298711,
        "(1, 5)": 0.5915338284324883,
        "(5, 1)": 0.5915338284324883,
        "(1, 6)": 0.5026958484631894,
        "(6, 1)": 0.5026958484631894,
        "(1, 7)": 0.4975893186656707,
        "(7, 1)": 0.4975893186656707,
        "(1, 8)": 1.0379671449643517,
        "(8, 1)": 1.0379671449643517,
        "(1, 9)": 0.7750670695771014,
        "(9, 1)": 0.7750670695771014,
        "(1, 10)": 0.7174908492556981,
        "(10, 1)": 0.7174908492556981,
        "(1, 11)": 0.8466404935787,
        "(11, 1)": 0.8466404935787,
        "(1, 12)": 0.40648123181822443,
        "(12, 1)": 0.40648123181822443,
        "(1, 13)": 0.23178452316414144,
        "(13, 1)": 0.23178452316414144,
        "(1, 14)": 0.803950782168853,
        "(14, 1)": 0.803950782168853,
        "(1, 15)": 0.6386365421025861,
        "(15, 1)": 0.6386365421025861,
        "(1, 16)": 0.19131417801575182,
        "(16, 1)": 0.19131417801575182,
        "(1, 17)": 0.3545967314853822,
        "(17, 1)": 0.3545967314853822,
        "(1, 18)": 0.5554492425739646,
        "(18, 1)": 0.5554492425739646,
        "(1, 19)": 0.47339703999575106,
        "(19, 1)": 0.47339703999575106,
        "(2, 3)": 0.797270964147043,
        "(3, 2)": 0.797270964147043,
        "(2, 4)": 0.7471098549809051,
        "(4, 2)": 0.7471098549809051,
        "(2, 5)": 0.40317564332314193,
        "(5, 2)": 0.40317564332314193,
        "(2, 6)": 0.5510984961495478,
        "(6, 2)": 0.5510984961495478,
        "(2, 7)": 0.6026358424138464,
        "(7, 2)": 0.6026358424138464,
        "(2, 8)": 0.6777225655127928,
        "(8, 2)": 0.6777225655127928,
        "(2, 9)": 0.7392192315064054,
        "(9, 2)": 0.7392192315064054,
        "(2, 10)": 0.33130604628812355,
        "(10, 2)": 0.33130604628812355,
        "(2, 11)": 0.13619620303513805,
        "(11, 2)": 0.13619620303513805,
        "(2, 12)": 0.608066237617018,
        "(12, 2)": 0.608066237617018,
        "(2, 13)": 0.948781955934235,
        "(13, 2)": 0.948781955934235,
        "(2, 14)": 0.7242299408750724,
        "(14, 2)": 0.7242299408750724,
        "(2, 15)": 0.4225367993785575,
        "(15, 2)": 0.4225367993785575,
        "(2, 16)": 1.0062986513917815,
        "(16, 2)": 1.0062986513917815,
        "(2, 17)": 0.8397370105202407,
        "(17, 2)": 0.8397370105202407,
        "(2, 18)": 0.7220716314145211,
        "(18, 2)": 0.7220716314145211,
        "(2, 19)": 0.8527791357280993,
        "(19, 2)": 0.8527791357280993,
        "(3, 4)": 0.3404215986418224,
        "(4, 3)": 0.3404215986418224,
        "(3, 5)": 0.7106927921687186,
        "(5, 3)": 0.7106927921687186,
        "(3, 6)": 0.8065329506960055,
        "(6, 3)": 0.8065329506960055,
        "(3, 7)": 0.8616315959587727,
        "(7, 3)": 0.8616315959587727,
        "(3, 8)": 0.3439518837498088,
        "(8, 3)": 0.3439518837498088,
        "(3, 9)": 0.061511533931228365,
        "(9, 3)": 0.061511533931228365,
        "(3, 10)": 0.8180910252329636,
        "(10, 3)": 0.8180910252329636,
        "(3, 11)": 0.689981944270526,
        "(11, 3)": 0.689981944270526,
        "(3, 12)": 0.7471500858531593,
        "(12, 3)": 0.7471500858531593,
        "(3, 13)": 0.9293295521146718,
        "(13, 3)": 0.9293295521146718,
        "(3, 14)": 0.0904664785826247,
        "(14, 3)": 0.0904664785826247,
        "(3, 15)": 0.43244368655077586,
        "(15, 3)": 0.43244368655077586,
        "(3, 16)": 0.6329297162841493,
        "(16, 3)": 0.6329297162841493,
        "(3, 17)": 0.41365880083167916,
        "(17, 3)": 0.41365880083167916,
        "(3, 18)": 0.22123246062940094,
        "(18, 3)": 0.22123246062940094,
        "(3, 19)": 0.30473312797137814,
        "(19, 3)": 0.30473312797137814,
        "(4, 5)": 0.4938747058614051,
        "(5, 4)": 0.4938747058614051,
        "(4, 6)": 0.5346428580434365,
        "(6, 4)": 0.5346428580434365,
        "(4, 7)": 0.5783170471143958,
        "(7, 4)": 0.5783170471143958,
        "(4, 8)": 0.6115036964020555,
        "(8, 4)": 0.6115036964020555,
        "(4, 9)": 0.3434923781326643,
        "(9, 4)": 0.3434923781326643,
        "(4, 10)": 0.6283411173229668,
        "(10, 4)": 0.6283411173229668,
        "(4, 11)": 0.6132901716441735,
        "(11, 4)": 0.6132901716441735,
        "(4, 12)": 0.4533501725568155,
        "(12, 4)": 0.4533501725568155,
        "(4, 13)": 0.5896337416220484,
        "(13, 4)": 0.5896337416220484,
        "(4, 14)": 0.37184548147939694,
        "(14, 4)": 0.37184548147939694,
        "(4, 15)": 0.3266694399273308,
        "(15, 4)": 0.3266694399273308,
        "(4, 16)": 0.33218473318271735,
        "(16, 4)": 0.33218473318271735,
        "(4, 17)": 0.10735572104126434,
        "(17, 4)": 0.10735572104126434,
        "(4, 18)": 0.1234155570436634,
        "(18, 4)": 0.1234155570436634,
        "(4, 19)": 0.12120187093625927,
        "(19, 4)": 0.12120187093625927,
        "(5, 6)": 0.16166315938271356,
        "(6, 5)": 0.16166315938271356,
        "(5, 7)": 0.2231443914124629,
        "(7, 5)": 0.2231443914124629,
        "(5, 8)": 0.777740295480919,
        "(8, 5)": 0.777740295480919,
        "(5, 9)": 0.6718478229001846,
        "(9, 5)": 0.6718478229001846,
        "(5, 10)": 0.13955717389171707,
        "(10, 5)": 0.13955717389171707,
        "(5, 11)": 0.29002031162850006,
        "(11, 5)": 0.29002031162850006,
        "(5, 12)": 0.20491147207441593,
        "(12, 5)": 0.20491147207441593,
        "(5, 13)": 0.5456657164334482,
        "(13, 5)": 0.5456657164334482,
        "(5, 14)": 0.6767199477712034,
        "(14, 5)": 0.6767199477712034,
        "(5, 15)": 0.29273203063808734,
        "(15, 5)": 0.29273203063808734,
        "(5, 16)": 0.658342241071596,
        "(16, 5)": 0.658342241071596,
        "(5, 17)": 0.5519958697577078,
        "(17, 5)": 0.5519958697577078,
        "(5, 18)": 0.5363752358228545,
        "(18, 5)": 0.5363752358228545,
        "(5, 19)": 0.6150387796941957,
        "(19, 5)": 0.6150387796941957,
        "(6, 7)": 0.06365418915142589,
        "(7, 6)": 0.06365418915142589,
        "(6, 8)": 0.918199846850843,
        "(8, 6)": 0.918199846850843,
        "(6, 9)": 0.776408627518596,
        "(9, 6)": 0.776408627518596,
        "(6, 10)": 0.23431271693295624,
        "(10, 6)": 0.23431271693295624,
        "(6, 11)": 0.4479684508150175,
        "(11, 6)": 0.4479684508150175,
        "(6, 12)": 0.10108895010714292,
        "(12, 6)": 0.10108895010714292,
        "(6, 13)": 0.40788623524136675,
        "(13, 6)": 0.40788623524136675,
        "(6, 14)": 0.7870187299952077,
        "(14, 6)": 0.7870187299952077,
        "(6, 15)": 0.42313072063535495,
        "(15, 6)": 0.42313072063535495,
        "(6, 16)": 0.6117088276512377,
        "(16, 6)": 0.6117088276512377,
        "(6, 17)": 0.5635938689951849,
        "(17, 6)": 0.5635938689951849,
        "(6, 18)": 0.6075827710256084,
        "(18, 6)": 0.6075827710256084,
        "(6, 19)": 0.6520468597670135,
        "(19, 6)": 0.6520468597670135,
        "(7, 8)": 0.98105911201587,
        "(8, 7)": 0.98105911201587,
        "(7, 9)": 0.8334941780079683,
        "(9, 7)": 0.8334941780079683,
        "(7, 10)": 0.2770551805059862,
        "(10, 7)": 0.2770551805059862,
        "(7, 11)": 0.5052560682982179,
        "(11, 7)": 0.5052560682982179,
        "(7, 12)": 0.12653769101933754,
        "(12, 7)": 0.12653769101933754,
        "(7, 13)": 0.3747802702662451,
        "(13, 7)": 0.3747802702662451,
        "(7, 14)": 0.8452213374719861,
        "(14, 7)": 0.8452213374719861,
        "(7, 15)": 0.4856829421657706,
        "(15, 7)": 0.4856829421657706,
        "(7, 16)": 0.6238366709765389,
        "(16, 7)": 0.6238366709765389,
        "(7, 17)": 0.5980433031119123,
        "(17, 7)": 0.5980433031119123,
        "(7, 18)": 0.6582138806107766,
        "(18, 7)": 0.6582138806107766,
        "(7, 19)": 0.6930280119903717,
        "(19, 7)": 0.6930280119903717,
        "(8, 9)": 0.29862249450075834,
        "(9, 8)": 0.29862249450075834,
        "(8, 10)": 0.8371402791998495,
        "(10, 8)": 0.8371402791998495,
        "(8, 11)": 0.6214767170768206,
        "(11, 8)": 0.6214767170768206,
        "(8, 12)": 0.8936326979856717,
        "(12, 8)": 0.8936326979856717,
        "(8, 13)": 1.1559742103816075,
        "(13, 8)": 1.1559742103816075,
        "(8, 14)": 0.2633149452027624,
        "(14, 8)": 0.2633149452027624,
        "(8, 15)": 0.49558370821963144,
        "(15, 8)": 0.49558370821963144,
        "(8, 16)": 0.9383827575423147,
        "(16, 8)": 0.9383827575423147,
        "(8, 17)": 0.7092346862866814,
        "(17, 8)": 0.7092346862866814,
        "(8, 18)": 0.4931757287555655,
        "(18, 8)": 0.4931757287555655,
        "(8, 19)": 0.6226381778403329,
        "(19, 8)": 0.6226381778403329,
        "(9, 10)": 0.7736183654176834,
        "(10, 9)": 0.7736183654176834,
        "(9, 11)": 0.6347897806489905,
        "(11, 9)": 0.6347897806489905,
        "(9, 12)": 0.7230993028767909,
        "(12, 9)": 0.7230993028767909,
        "(9, 13)": 0.9256939919643568,
        "(13, 9)": 0.9256939919643568,
        "(9, 14)": 0.03535523882417649,
        "(14, 9)": 0.03535523882417649,
        "(9, 15)": 0.38694746440596617,
        "(15, 9)": 0.38694746440596617,
        "(9, 16)": 0.6537884600718573,
        "(16, 9)": 0.6537884600718573,
        "(9, 17)": 0.42833906564793106,
        "(17, 9)": 0.42833906564793106,
        "(9, 18)": 0.22016611032916464,
        "(18, 9)": 0.22016611032916464,
        "(9, 19)": 0.32937497129177107,
        "(19, 9)": 0.32937497129177107,
        "(10, 11)": 0.2579796770305144,
        "(11, 10)": 0.2579796770305144,
        "(10, 12)": 0.3145713361762906,
        "(12, 10)": 0.3145713361762906,
        "(10, 13)": 0.6421540907956229,
        "(13, 10)": 0.6421540907956229,
        "(10, 14)": 0.773707679348513,
        "(14, 10)": 0.773707679348513,
        "(10, 15)": 0.38667101542127447,
        "(15, 10)": 0.38667101542127447,
        "(10, 16)": 0.7954790526784017,
        "(16, 10)": 0.7954790526784017,
        "(10, 17)": 0.690562814451995,
        "(17, 10)": 0.690562814451995,
        "(10, 18)": 0.6604453197988109,
        "(18, 10)": 0.6604453197988109,
        "(10, 19)": 0.7490853766367339,
        "(19, 10)": 0.7490853766367339,
        "(11, 12)": 0.49148819108484104,
        "(12, 11)": 0.49148819108484104,
        "(11, 13)": 0.831922171121265,
        "(13, 11)": 0.831922171121265,
        "(11, 14)": 0.6241663405132339,
        "(14, 11)": 0.6241663405132339,
        "(11, 15)": 0.2918154726978407,
        "(15, 11)": 0.2918154726978407,
        "(11, 16)": 0.8704981341331193,
        "(16, 11)": 0.8704981341331193,
        "(11, 17)": 0.7043648602383107,
        "(17, 11)": 0.7043648602383107,
        "(11, 18)": 0.5950800324794947,
        "(18, 11)": 0.5950800324794947,
        "(11, 19)": 0.7213555547663585,
        "(19, 11)": 0.7213555547663585,
        "(12, 13)": 0.34101882042055975,
        "(13, 12)": 0.34101882042055975,
        "(12, 14)": 0.7375175990994248,
        "(14, 12)": 0.7375175990994248,
        "(12, 15)": 0.40136429223457865,
        "(15, 12)": 0.40136429223457865,
        "(12, 16)": 0.5106214879926896,
        "(16, 12)": 0.5106214879926896,
        "(12, 17)": 0.47163513215143954,
        "(17, 12)": 0.47163513215143954,
        "(12, 18)": 0.5382712939900077,
        "(18, 12)": 0.5382712939900077,
        "(12, 19)": 0.5669569421295293,
        "(19, 12)": 0.5669569421295293,
        "(13, 14)": 0.9497578638668634,
        "(14, 13)": 0.9497578638668634,
        "(13, 15)": 0.6961810093548387,
        "(15, 13)": 0.6961810093548387,
        "(13, 16)": 0.4212536499042706,
        "(16, 13)": 0.4212536499042706,
        "(13, 17)": 0.5404327801968049,
        "(17, 13)": 0.5404327801968049,
        "(13, 18)": 0.7087051750767825,
        "(18, 13)": 0.7087051750767825,
        "(13, 19)": 0.6617231344857956,
        "(19, 13)": 0.6617231344857956,
        "(14, 15)": 0.3878622294689008,
        "(15, 14)": 0.3878622294689008,
        "(14, 16)": 0.6862294722488272,
        "(16, 14)": 0.6862294722488272,
        "(14, 17)": 0.4596993766716045,
        "(17, 14)": 0.4596993766716045,
        "(14, 18)": 0.24850574515099041,
        "(18, 14)": 0.24850574515099041,
        "(14, 19)": 0.36319958984154016,
        "(19, 14)": 0.36319958984154016,
        "(15, 16)": 0.6166644939055469,
        "(16, 15)": 0.6166644939055469,
        "(15, 17)": 0.42479034018033235,
        "(17, 15)": 0.42479034018033235,
        "(15, 18)": 0.30447625552957913,
        "(18, 15)": 0.30447625552957913,
        "(15, 19)": 0.4302733979107143,
        "(19, 15)": 0.4302733979107143,
        "(16, 17)": 0.22931137777023905,
        "(17, 16)": 0.22931137777023905,
        "(16, 18)": 0.44531198146416645,
        "(18, 16)": 0.44531198146416645,
        "(16, 19)": 0.32832337455564575,
        "(19, 16)": 0.32832337455564575,
        "(17, 18)": 0.21606947561123022,
        "(18, 17)": 0.21606947561123022,
        "(17, 19)": 0.12154280742256832,
        "(19, 17)": 0.12154280742256832,
        "(18, 19)": 0.14868048222621544,
        "(19, 18)": 0.14868048222621544
    },
    "statistics": {
        "avg_distance": 0.53,
        "min_distance": 0.029940637330755505,
        "max_distance": 1.1559742103816075
    }
}