{
    "instance_id": "MEDIUM_08",
    "group": "Medium",
    "group_key": "medium",
    "instance_number_in_group": 8,
    "parameters": {
        "I_range": [
            15,
            20
        ],
        "p_range": [
            8,
            13
        ]
    },
    "I": 20,
    "p": 11,
    "facilities": [
        [
            0.6753727168600555,
            0.716202197256084
        ],
        [
            0.44862093738102526,
            0.44028950110206255
        ],
        [
            0.4676517821318926,
            0.5719078928996414
        ],
        [
            0.9781304447573315,
            0.11666123955666974
        ],
        [
            0.9457520226332604,
            0.6748977322393187
        ],
        [
            0.8683835186720142,
            0.06349161983887608
        ],
        [
            0.32105141160873674,
            0.6145506324545196
        ],
        [
            0.09543279293584395,
            0.7822657297591541
        ],
        [
            0.05768620765583776,
            0.8753641249933954
        ],
        [
            0.18875113794716492,
            0.9585304776872594
        ],
        [
            0.9442859549795715,
            0.9865998226559516
        ],
        [
            0.2306782828653703,
            0.9665080099450337
        ],
        [
            0.9553631429149553,
            0.8928848885858017
        ],
        [
            0.011267509026945288,
            0.7872582267991658
        ],
        [
            0.39493135467462237,
            0.000130966171813518
        ],
        [
            0.590767680447167,
            0.24305228309589932
        ],
        [
            0.8615576432219061,
            0.8550140894055714
        ],
        [
            0.13728677752117546,
            0.011852777494238409
        ],
        [
            0.5314320583710357,
            0.920449930395313
        ],
        [
            0.06890375113341674,
            0.3368734831787178
        ]
    ],
    "distanceMatrix": {
        "(0, 1)": 0.357133287997476,
        "(1, 0)": 0.357133287997476,
        "(0, 2)": 0.2529206061080263,
        "(2, 0)": 0.2529206061080263,
        "(0, 3)": 0.6716484212448145,
        "(3, 0)": 0.6716484212448145,
        "(0, 4)": 0.27351604673349866,
        "(4, 0)": 0.27351604673349866,
        "(0, 5)": 0.6806498861297196,
        "(5, 0)": 0.6806498861297196,
        "(0, 6)": 0.368614470662242,
        "(6, 0)": 0.368614470662242,
        "(0, 7)": 0.583690590713954,
        "(7, 0)": 0.583690590713954,
        "(0, 8)": 0.6378629499304292,
        "(8, 0)": 0.6378629499304292,
        "(0, 9)": 0.5436207837825969,
        "(9, 0)": 0.5436207837825969,
        "(0, 10)": 0.3813518132352468,
        "(10, 0)": 0.3813518132352468,
        "(0, 11)": 0.5103000484927755,
        "(11, 0)": 0.5103000484927755,
        "(0, 12)": 0.3310761424474989,
        "(12, 0)": 0.3310761424474989,
        "(0, 13)": 0.667895715217193,
        "(13, 0)": 0.667895715217193,
        "(0, 14)": 0.769028845760004,
        "(14, 0)": 0.769028845760004,
        "(0, 15)": 0.4806546093154796,
        "(15, 0)": 0.4806546093154796,
        "(0, 16)": 0.23223601832293078,
        "(16, 0)": 0.23223601832293078,
        "(0, 17)": 0.8863659420538751,
        "(17, 0)": 0.8863659420538751,
        "(0, 18)": 0.24987206658361458,
        "(18, 0)": 0.24987206658361458,
        "(0, 19)": 0.7153285117434697,
        "(19, 0)": 0.7153285117434697,
        "(1, 2)": 0.13298712009556635,
        "(2, 1)": 0.13298712009556635,
        "(1, 3)": 0.6205768043302873,
        "(3, 1)": 0.6205768043302873,
        "(1, 4)": 0.5497093214067025,
        "(4, 1)": 0.5497093214067025,
        "(1, 5)": 0.5640720414774166,
        "(5, 1)": 0.5640720414774166,
        "(1, 6)": 0.21596510321347026,
        "(6, 1)": 0.21596510321347026,
        "(1, 7)": 0.4916193714075531,
        "(7, 1)": 0.4916193714075531,
        "(1, 8)": 0.5849101565706396,
        "(8, 1)": 0.5849101565706396,
        "(1, 9)": 0.5797465157030038,
        "(9, 1)": 0.5797465157030038,
        "(1, 10)": 0.737657628651179,
        "(10, 1)": 0.737657628651179,
        "(1, 11)": 0.569565553475849,
        "(11, 1)": 0.569565553475849,
        "(1, 12)": 0.679433769870874,
        "(12, 1)": 0.679433769870874,
        "(1, 13)": 0.5582699328326208,
        "(13, 1)": 0.5582699328326208,
        "(1, 14)": 0.44342091421484725,
        "(14, 1)": 0.44342091421484725,
        "(1, 15)": 0.24312181459326612,
        "(15, 1)": 0.24312181459326612,
        "(1, 16)": 0.5852462790776487,
        "(16, 1)": 0.5852462790776487,
        "(1, 17)": 0.5296102200972387,
        "(17, 1)": 0.5296102200972387,
        "(1, 18)": 0.48724913506203443,
        "(18, 1)": 0.48724913506203443,
        "(1, 19)": 0.39354798220156406,
        "(19, 1)": 0.39354798220156406,
        "(2, 3)": 0.6839868276332757,
        "(3, 2)": 0.6839868276332757,
        "(2, 4)": 0.4890672213251244,
        "(4, 2)": 0.4890672213251244,
        "(2, 5)": 0.6473585029822811,
        "(5, 2)": 0.6473585029822811,
        "(2, 6)": 0.15267636318131161,
        "(6, 2)": 0.15267636318131161,
        "(2, 7)": 0.4275481206207572,
        "(7, 2)": 0.4275481206207572,
        "(2, 8)": 0.5100563273325996,
        "(8, 2)": 0.5100563273325996,
        "(2, 9)": 0.47672066495434723,
        "(9, 2)": 0.47672066495434723,
        "(2, 10)": 0.6317828197499544,
        "(10, 2)": 0.6317828197499544,
        "(2, 11)": 0.4602887047569794,
        "(11, 2)": 0.4602887047569794,
        "(2, 12)": 0.5838566632287244,
        "(12, 2)": 0.5838566632287244,
        "(2, 13)": 0.5046408337106381,
        "(13, 2)": 0.5046408337106381,
        "(2, 14)": 0.5763827847081208,
        "(14, 2)": 0.5763827847081208,
        "(2, 15)": 0.3511460330366385,
        "(15, 2)": 0.3511460330366385,
        "(2, 16)": 0.4850885959297737,
        "(16, 2)": 0.4850885959297737,
        "(2, 17)": 0.6502328571851768,
        "(17, 2)": 0.6502328571851768,
        "(2, 18)": 0.3543296142559574,
        "(18, 2)": 0.3543296142559574,
        "(2, 19)": 0.46286192971341295,
        "(19, 2)": 0.46286192971341295,
        "(3, 4)": 0.5591746989822319,
        "(4, 3)": 0.5591746989822319,
        "(3, 5)": 0.12194833433102263,
        "(5, 3)": 0.12194833433102263,
        "(3, 6)": 0.82440687974063,
        "(6, 3)": 0.82440687974063,
        "(3, 7)": 1.1055245279544355,
        "(7, 3)": 1.1055245279544355,
        "(3, 8)": 1.1928317827687875,
        "(8, 3)": 1.1928317827687875,
        "(3, 9)": 1.1540639081656954,
        "(9, 3)": 1.1540639081656954,
        "(3, 10)": 0.8705966849541198,
        "(10, 3)": 0.8705966849541198,
        "(3, 11)": 1.131779248553577,
        "(11, 3)": 1.131779248553577,
        "(3, 12)": 0.7765574694414336,
        "(12, 3)": 0.7765574694414336,
        "(3, 13)": 1.176658087886151,
        "(13, 3)": 1.176658087886151,
        "(3, 14)": 0.5947272343591212,
        "(14, 3)": 0.5947272343591212,
        "(3, 15)": 0.407461172458122,
        "(15, 3)": 0.407461172458122,
        "(3, 16)": 0.7474985946059112,
        "(16, 3)": 0.7474985946059112,
        "(3, 17)": 0.847350509795704,
        "(17, 3)": 0.847350509795704,
        "(3, 18)": 0.9195736555166314,
        "(18, 3)": 0.9195736555166314,
        "(3, 19)": 0.9355140900271531,
        "(19, 3)": 0.9355140900271531,
        "(4, 5)": 0.6162818508489635,
        "(5, 4)": 0.6162818508489635,
        "(4, 6)": 0.6276086566219826,
        "(6, 4)": 0.6276086566219826,
        "(4, 7)": 0.8570709884744828,
        "(7, 4)": 0.8570709884744828,
        "(4, 8)": 0.9104107130055894,
        "(8, 4)": 0.9104107130055894,
        "(4, 9)": 0.8083921534168103,
        "(9, 4)": 0.8083921534168103,
        "(4, 10)": 0.3117055381677778,
        "(10, 4)": 0.3117055381677778,
        "(4, 11)": 0.7722480219264019,
        "(11, 4)": 0.7722480219264019,
        "(4, 12)": 0.2181989320897223,
        "(12, 4)": 0.2181989320897223,
        "(4, 13)": 0.9412152712890738,
        "(13, 4)": 0.9412152712890738,
        "(4, 14)": 0.8710416734230341,
        "(14, 4)": 0.8710416734230341,
        "(4, 15)": 0.5590209076082711,
        "(15, 4)": 0.5590209076082711,
        "(4, 16)": 0.19882302593840637,
        "(16, 4)": 0.19882302593840637,
        "(4, 17)": 1.0455834087087692,
        "(17, 4)": 1.0455834087087692,
        "(4, 18)": 0.4816190556918319,
        "(18, 4)": 0.4816190556918319,
        "(4, 19)": 0.9397463935473478,
        "(19, 4)": 0.9397463935473478,
        "(5, 6)": 0.776684280005238,
        "(6, 5)": 0.776684280005238,
        "(5, 7)": 1.0555041665042162,
        "(7, 5)": 1.0555041665042162,
        "(5, 8)": 1.1473304208965847,
        "(8, 5)": 1.1473304208965847,
        "(5, 9)": 1.1238303831042589,
        "(9, 5)": 1.1238303831042589,
        "(5, 10)": 0.9262234794829992,
        "(10, 5)": 0.9262234794829992,
        "(5, 11)": 1.1054892892179298,
        "(11, 5)": 1.1054892892179298,
        "(5, 12)": 0.8339416342143815,
        "(12, 5)": 0.8339416342143815,
        "(5, 13)": 1.1218226042207817,
        "(13, 5)": 1.1218226042207817,
        "(5, 14)": 0.47767303045800136,
        "(14, 5)": 0.47767303045800136,
        "(5, 15)": 0.33062453844593365,
        "(15, 5)": 0.33062453844593365,
        "(5, 16)": 0.7915519012702962,
        "(16, 5)": 0.7915519012702962,
        "(5, 17)": 0.7329181502460359,
        "(17, 5)": 0.7329181502460359,
        "(5, 18)": 0.9208223675773219,
        "(18, 5)": 0.9208223675773219,
        "(5, 19)": 0.8449293117810116,
        "(19, 5)": 0.8449293117810116,
        "(6, 7)": 0.28112651058868005,
        "(7, 6)": 0.28112651058868005,
        "(6, 8)": 0.37065470257839483,
        "(8, 6)": 0.37065470257839483,
        "(6, 9)": 0.3685451076018598,
        "(9, 6)": 0.3685451076018598,
        "(6, 10)": 0.7258387534295715,
        "(10, 6)": 0.7258387534295715,
        "(6, 11)": 0.3633748725061563,
        "(11, 6)": 0.3633748725061563,
        "(6, 12)": 0.6926913674998748,
        "(12, 6)": 0.6926913674998748,
        "(6, 13)": 0.3546744696804659,
        "(13, 6)": 0.3546744696804659,
        "(6, 14)": 0.6188455157003001,
        "(14, 6)": 0.6188455157003001,
        "(6, 15)": 0.4590837497149119,
        "(15, 6)": 0.4590837497149119,
        "(6, 16)": 0.591582336231838,
        "(16, 6)": 0.591582336231838,
        "(6, 17)": 0.6300905848487656,
        "(17, 6)": 0.6300905848487656,
        "(6, 18)": 0.37126055138244013,
        "(18, 6)": 0.37126055138244013,
        "(6, 19)": 0.3750773812336771,
        "(19, 6)": 0.3750773812336771,
        "(7, 8)": 0.10045952366745421,
        "(8, 7)": 0.10045952366745421,
        "(7, 9)": 0.19944316202319506,
        "(9, 7)": 0.19944316202319506,
        "(7, 10)": 0.873100287613967,
        "(10, 7)": 0.873100287613967,
        "(7, 11)": 0.22855318933318297,
        "(11, 7)": 0.22855318933318297,
        "(7, 12)": 0.867016035096648,
        "(12, 7)": 0.867016035096648,
        "(7, 13)": 0.08431322578433374,
        "(13, 7)": 0.08431322578433374,
        "(7, 14)": 0.8375166726074306,
        "(14, 7)": 0.8375166726074306,
        "(7, 15)": 0.7321938212306368,
        "(15, 7)": 0.7321938212306368,
        "(7, 16)": 0.7695710558857354,
        "(16, 7)": 0.7695710558857354,
        "(7, 17)": 0.7715490088407945,
        "(17, 7)": 0.7715490088407945,
        "(7, 18)": 0.45737318763290113,
        "(18, 7)": 0.45737318763290113,
        "(7, 19)": 0.4461816259920652,
        "(19, 7)": 0.4461816259920652,
        "(8, 9)": 0.15522454114176218,
        "(9, 8)": 0.15522454114176218,
        "(8, 10)": 0.8935504979512819,
        "(10, 8)": 0.8935504979512819,
        "(8, 11)": 0.19553379720492833,
        "(11, 8)": 0.19553379720492833,
        "(8, 12)": 0.8978479031846446,
        "(12, 8)": 0.8978479031846446,
        "(8, 13)": 0.09958586686378697,
        "(13, 8)": 0.09958586686378697,
        "(8, 14)": 0.9379591523560746,
        "(14, 8)": 0.9379591523560746,
        "(8, 15)": 0.8270393715157561,
        "(15, 8)": 0.8270393715157561,
        "(8, 16)": 0.8041289752691897,
        "(16, 8)": 0.8041289752691897,
        "(8, 17)": 0.8671724730309976,
        "(17, 8)": 0.8671724730309976,
        "(8, 18)": 0.47588639497111723,
        "(18, 8)": 0.47588639497111723,
        "(8, 19)": 0.5386074680169732,
        "(19, 8)": 0.5386074680169732,
        "(9, 10)": 0.7560560481043476,
        "(10, 9)": 0.7560560481043476,
        "(9, 11)": 0.0426793451439455,
        "(11, 9)": 0.0426793451439455,
        "(9, 12)": 0.7694175131417356,
        "(12, 9)": 0.7694175131417356,
        "(9, 13)": 0.24664675643309056,
        "(13, 9)": 0.24664675643309056,
        "(9, 14)": 0.9803264280038698,
        "(14, 9)": 0.9803264280038698,
        "(9, 15)": 0.8206865098071054,
        "(15, 9)": 0.8206865098071054,
        "(9, 16)": 0.6807233183775149,
        "(16, 9)": 0.6807233183775149,
        "(9, 17)": 0.9480755499625563,
        "(17, 9)": 0.9480755499625563,
        "(9, 18)": 0.3447902859777308,
        "(18, 9)": 0.3447902859777308,
        "(9, 19)": 0.6331041106701781,
        "(19, 9)": 0.6331041106701781,
        "(10, 11)": 0.7138904612321556,
        "(11, 10)": 0.7138904612321556,
        "(10, 12)": 0.09436732994171419,
        "(12, 10)": 0.09436732994171419,
        "(10, 13)": 0.9540757267253914,
        "(13, 10)": 0.9540757267253914,
        "(10, 14)": 1.1291196932519303,
        "(14, 10)": 1.1291196932519303,
        "(10, 15)": 0.8233092456751447,
        "(15, 10)": 0.8233092456751447,
        "(10, 16)": 0.1554309453143539,
        "(16, 10)": 0.1554309453143539,
        "(10, 17)": 1.2654562317480675,
        "(17, 10)": 1.2654562317480675,
        "(10, 18)": 0.418119777325763,
        "(18, 10)": 0.418119777325763,
        "(10, 19)": 1.0901551811650654,
        "(19, 10)": 1.0901551811650654,
        "(11, 12)": 0.7284150673783202,
        "(12, 11)": 0.7284150673783202,
        "(11, 13)": 0.28332238251542563,
        "(13, 11)": 0.28332238251542563,
        "(11, 14)": 0.9802365338685575,
        "(14, 11)": 0.9802365338685575,
        "(11, 15)": 0.8081166765768608,
        "(15, 11)": 0.8081166765768608,
        "(11, 16)": 0.6406556498159769,
        "(16, 11)": 0.6406556498159769,
        "(11, 17)": 0.9592124822562187,
        "(17, 11)": 0.9592124822562187,
        "(11, 18)": 0.3042600535277685,
        "(18, 11)": 0.3042600535277685,
        "(11, 19)": 0.6500850993626415,
        "(19, 11)": 0.6500850993626415,
        "(12, 13)": 0.9499860828488972,
        "(13, 12)": 0.9499860828488972,
        "(12, 14)": 1.0540841310141325,
        "(14, 12)": 1.0540841310141325,
        "(12, 15)": 0.7451256715547354,
        "(15, 12)": 0.7451256715547354,
        "(12, 16)": 0.10116159944965274,
        "(16, 12)": 0.10116159944965274,
        "(12, 17)": 1.2022755592585064,
        "(17, 12)": 1.2022755592585064,
        "(12, 18)": 0.4248263127120824,
        "(18, 12)": 0.4248263127120824,
        "(12, 19)": 1.046402855606031,
        "(19, 12)": 1.046402855606031,
        "(13, 14)": 0.8756524829405123,
        "(14, 13)": 0.8756524829405123,
        "(13, 15)": 0.7949720484633589,
        "(15, 13)": 0.7949720484633589,
        "(13, 16)": 0.8529854449091278,
        "(16, 13)": 0.8529854449091278,
        "(13, 17)": 0.7855790646673301,
        "(17, 13)": 0.7855790646673301,
        "(13, 18)": 0.5369461689044671,
        "(18, 13)": 0.5369461689044671,
        "(13, 19)": 0.45405765458828296,
        "(19, 13)": 0.45405765458828296,
        "(14, 15)": 0.3120298586805794,
        "(15, 14)": 0.3120298586805794,
        "(14, 16)": 0.9739431439017975,
        "(16, 14)": 0.9739431439017975,
        "(14, 17)": 0.2579110873872176,
        "(17, 14)": 0.2579110873872176,
        "(14, 18)": 0.9303867142317923,
        "(18, 14)": 0.9303867142317923,
        "(14, 19)": 0.4687104874343722,
        "(19, 14)": 0.4687104874343722,
        "(15, 16)": 0.6691968741120518,
        "(16, 15)": 0.6691968741120518,
        "(15, 17)": 0.5090168373531714,
        "(17, 15)": 0.5090168373531714,
        "(15, 18)": 0.679991388632196,
        "(18, 15)": 0.679991388632196,
        "(15, 19)": 0.5302304954486937,
        "(19, 15)": 0.5302304954486937,
        "(16, 17)": 1.1115256563871687,
        "(17, 16)": 1.1115256563871687,
        "(16, 18)": 0.33654828934220415,
        "(18, 16)": 0.33654828934220415,
        "(16, 19)": 0.9469793453207741,
        "(19, 16)": 0.9469793453207741,
        "(17, 18)": 0.9904035988808572,
        "(18, 17)": 0.9904035988808572,
        "(17, 19)": 0.33213656441528067,
        "(19, 17)": 0.33213656441528067,
        "(18, 19)": 0.744643474920744,
        "(19, 18)": 0.744643474920744
    },
    "statistics": {
        "avg_distance": 0.63,
        "min_distance": 0.0426793451439455,
        "max_distance": 1.2654562317480675
    }
}