{
    "instance_id": "MEDIUM_03",
    "group": "Medium",
    "group_key": "medium",
    "instance_number_in_group": 3,
    "parameters": {
        "I_range": [
            15,
            20
        ],
        "p_range": [
            8,
            13
        ]
    },
    "I": 17,
    "p": 12,
    "facilities": [
        [
            0.8478030615640594,
            0.6662292860093013
        ],
        [
            0.17984107614026223,
            0.3182417755134356
        ],
        [
            0.0591838097113051,
            0.3673821134937252
        ],
        [
            0.7034310459455957,
            0.8223997440975126
        ],
        [
            0.9664675296494499,
            0.07780024536531993
        ],
        [
            0.19761738829734798,
            0.9426159959301871
        ],
        [
            0.29397242590992256,
            0.5723060130016558
        ],
        [
            0.8635434354968918,
            0.8229524847502153
        ],
        [
            0.3225455798063054,
            0.4605696070712211
        ],
        [
            0.04008427135320969,
            0.012194271491504316
        ],
        [
            0.6531937554178613,
            0.9719424252858309
        ],
        [
            0.8686657785221072,
            0.17103003563795516
        ],
        [
            0.8192175006521683,
            0.535671811409555
        ],
        [
            0.3473576980719969,
            0.967741155134964
        ],
        [
            0.41564015570826285,
            0.5026044873963912
        ],
        [
            0.20835345909301273,
            0.7536781991435445
        ],
        [
            0.0019189165253029605,
            0.04807117097581037
        ]
    ],
    "distanceMatrix": {
        "(0, 1)": 0.753172305274438,
        "(1, 0)": 0.753172305274438,
        "(0, 2)": 0.8433445066598539,
        "(2, 0)": 0.8433445066598539,
        "(0, 3)": 0.21267931463407455,
        "(3, 0)": 0.21267931463407455,
        "(0, 4)": 0.6002749302271293,
        "(4, 0)": 0.6002749302271293,
        "(0, 5)": 0.7064920545499281,
        "(5, 0)": 0.7064920545499281,
        "(0, 6)": 0.5617383325014716,
        "(6, 0)": 0.5617383325014716,
        "(0, 7)": 0.15751165161704522,
        "(7, 0)": 0.15751165161704522,
        "(0, 8)": 0.5640845022542381,
        "(8, 0)": 0.5640845022542381,
        "(0, 9)": 1.0393129674332815,
        "(9, 0)": 1.0393129674332815,
        "(0, 10)": 0.3623993730196224,
        "(10, 0)": 0.3623993730196224,
        "(0, 11)": 0.49563852808999304,
        "(11, 0)": 0.49563852808999304,
        "(0, 12)": 0.1336502467880656,
        "(12, 0)": 0.1336502467880656,
        "(0, 13)": 0.5842559105942816,
        "(13, 0)": 0.5842559105942816,
        "(0, 14)": 0.46210156017789145,
        "(14, 0)": 0.46210156017789145,
        "(0, 15)": 0.6454015079845569,
        "(15, 0)": 0.6454015079845569,
        "(0, 16)": 1.0476828919142025,
        "(16, 0)": 1.0476828919142025,
        "(1, 2)": 0.1302802700293695,
        "(2, 1)": 0.1302802700293695,
        "(1, 3)": 0.7268574232733496,
        "(3, 1)": 0.7268574232733496,
        "(1, 4)": 0.8225529203524898,
        "(4, 1)": 0.8225529203524898,
        "(1, 5)": 0.6246272203442085,
        "(5, 1)": 0.6246272203442085,
        "(1, 6)": 0.27852217464811546,
        "(6, 1)": 0.27852217464811546,
        "(1, 7)": 0.8498128124523159,
        "(7, 1)": 0.8498128124523159,
        "(1, 8)": 0.20154847308405263,
        "(8, 1)": 0.20154847308405263,
        "(1, 9)": 0.336447676767637,
        "(9, 1)": 0.336447676767637,
        "(1, 10)": 0.8070856822494954,
        "(10, 1)": 0.8070856822494954,
        "(1, 11)": 0.704379703688716,
        "(11, 1)": 0.704379703688716,
        "(1, 12)": 0.6753354964248635,
        "(12, 1)": 0.6753354964248635,
        "(1, 13)": 0.6707542491495451,
        "(13, 1)": 0.6707542491495451,
        "(1, 14)": 0.2993172488480308,
        "(14, 1)": 0.2993172488480308,
        "(1, 15)": 0.4363689207602026,
        "(15, 1)": 0.4363689207602026,
        "(1, 16)": 0.3234941273628888,
        "(16, 1)": 0.3234941273628888,
        "(2, 3)": 0.7887303376666873,
        "(3, 2)": 0.7887303376666873,
        "(2, 4)": 0.9523767147581544,
        "(4, 2)": 0.9523767147581544,
        "(2, 5)": 0.5916568897452842,
        "(5, 2)": 0.5916568897452842,
        "(2, 6)": 0.31164001489859766,
        "(6, 2)": 0.31164001489859766,
        "(2, 7)": 0.9244126625921485,
        "(7, 2)": 0.9244126625921485,
        "(2, 8)": 0.2793623648719126,
        "(8, 2)": 0.2793623648719126,
        "(2, 9)": 0.3557009916653129,
        "(9, 2)": 0.3557009916653129,
        "(2, 10)": 0.8475499903796082,
        "(10, 2)": 0.8475499903796082,
        "(2, 11)": 0.832955698886856,
        "(11, 2)": 0.832955698886856,
        "(2, 12)": 0.7784424408970728,
        "(12, 2)": 0.7784424408970728,
        "(2, 13)": 0.665939313160972,
        "(13, 2)": 0.665939313160972,
        "(2, 14)": 0.3812429894507901,
        "(14, 2)": 0.3812429894507901,
        "(2, 15)": 0.4140969090503262,
        "(15, 2)": 0.4140969090503262,
        "(2, 16)": 0.32440521882867934,
        "(16, 2)": 0.32440521882867934,
        "(3, 4)": 0.7896939947039743,
        "(4, 3)": 0.7896939947039743,
        "(3, 5)": 0.5199032635675561,
        "(5, 3)": 0.5199032635675561,
        "(3, 6)": 0.4797949935701335,
        "(6, 3)": 0.4797949935701335,
        "(3, 7)": 0.16011334363523597,
        "(7, 3)": 0.16011334363523597,
        "(3, 8)": 0.5253520594578548,
        "(8, 3)": 0.5253520594578548,
        "(3, 9)": 1.047120743373393,
        "(9, 3)": 1.047120743373393,
        "(3, 10)": 0.15775550341131997,
        "(10, 3)": 0.15775550341131997,
        "(3, 11)": 0.67200075442541,
        "(11, 3)": 0.67200075442541,
        "(3, 12)": 0.3092238840662654,
        "(12, 3)": 0.3092238840662654,
        "(3, 13)": 0.3845937529761375,
        "(13, 3)": 0.3845937529761375,
        "(3, 14)": 0.43022389835076885,
        "(14, 3)": 0.43022389835076885,
        "(3, 15)": 0.4998244369222428,
        "(15, 3)": 0.4998244369222428,
        "(3, 16)": 1.0448464034854525,
        "(16, 3)": 1.0448464034854525,
        "(4, 5)": 1.1571675860834598,
        "(5, 4)": 1.1571675860834598,
        "(4, 6)": 0.8347368560086702,
        "(6, 4)": 0.8347368560086702,
        "(4, 7)": 0.7522268467805766,
        "(7, 4)": 0.7522268467805766,
        "(4, 8)": 0.7490980321363421,
        "(8, 4)": 0.7490980321363421,
        "(4, 9)": 0.928703443010464,
        "(9, 4)": 0.928703443010464,
        "(4, 10)": 0.9474337420285958,
        "(10, 4)": 0.9474337420285958,
        "(4, 11)": 0.13511837890477457,
        "(11, 4)": 0.13511837890477457,
        "(4, 12)": 0.48096667455396597,
        "(12, 4)": 0.48096667455396597,
        "(4, 13)": 1.0841087613507623,
        "(13, 4)": 1.0841087613507623,
        "(4, 14)": 0.6956072454557509,
        "(14, 4)": 0.6956072454557509,
        "(4, 15)": 1.0156514915949715,
        "(15, 4)": 1.0156514915949715,
        "(4, 16)": 0.9650066553883306,
        "(16, 4)": 0.9650066553883306,
        "(5, 6)": 0.38264053200079284,
        "(6, 5)": 0.38264053200079284,
        "(5, 7)": 0.6765920899971624,
        "(7, 5)": 0.6765920899971624,
        "(5, 8)": 0.49797165988203407,
        "(8, 5)": 0.49797165988203407,
        "(5, 9)": 0.9436637474448129,
        "(9, 5)": 0.9436637474448129,
        "(5, 10)": 0.45651929393780966,
        "(10, 5)": 0.45651929393780966,
        "(5, 11)": 1.022570699826338,
        "(11, 5)": 1.022570699826338,
        "(5, 12)": 0.7429604760649704,
        "(12, 5)": 0.7429604760649704,
        "(5, 13)": 0.15183357335080144,
        "(13, 5)": 0.15183357335080144,
        "(5, 14)": 0.4910642063434278,
        "(14, 5)": 0.4910642063434278,
        "(5, 15)": 0.18924258049054438,
        "(15, 5)": 0.18924258049054438,
        "(5, 16)": 0.9157010078112672,
        "(16, 5)": 0.9157010078112672,
        "(6, 7)": 0.6222819206452337,
        "(7, 6)": 0.6222819206452337,
        "(6, 8)": 0.11533191030169089,
        "(8, 6)": 0.11533191030169089,
        "(6, 9)": 0.6149669568373151,
        "(9, 6)": 0.6149669568373151,
        "(6, 10)": 0.5373539109347006,
        "(10, 6)": 0.5373539109347006,
        "(6, 11)": 0.7009242894534516,
        "(11, 6)": 0.7009242894534516,
        "(6, 12)": 0.5265210853016979,
        "(12, 6)": 0.5265210853016979,
        "(6, 13)": 0.39902247921365075,
        "(13, 6)": 0.39902247921365075,
        "(6, 14)": 0.14021889724991887,
        "(14, 6)": 0.14021889724991887,
        "(6, 15)": 0.20056539428496387,
        "(15, 6)": 0.20056539428496387,
        "(6, 16)": 0.600097843636965,
        "(16, 6)": 0.600097843636965,
        "(7, 8)": 0.6511528468007504,
        "(8, 7)": 0.6511528468007504,
        "(7, 9)": 1.155601088342629,
        "(9, 7)": 1.155601088342629,
        "(7, 10)": 0.2577692578453776,
        "(10, 7)": 0.2577692578453776,
        "(7, 11)": 0.6519425726661785,
        "(11, 7)": 0.6519425726661785,
        "(7, 12)": 0.2906801915764503,
        "(12, 7)": 0.2906801915764503,
        "(7, 13)": 0.5361077080145985,
        "(13, 7)": 0.5361077080145985,
        "(7, 14)": 0.5506724865598576,
        "(14, 7)": 0.5506724865598576,
        "(7, 15)": 0.6588420385998682,
        "(15, 7)": 0.6588420385998682,
        "(7, 16)": 1.1588088117242505,
        "(16, 7)": 1.1588088117242505,
        "(8, 9)": 0.5299290823584402,
        "(9, 8)": 0.5299290823584402,
        "(8, 10)": 0.6089584347424729,
        "(10, 8)": 0.6089584347424729,
        "(8, 11)": 0.6181265524721828,
        "(11, 8)": 0.6181265524721828,
        "(8, 12)": 0.5023179650910327,
        "(12, 8)": 0.5023179650910327,
        "(8, 13)": 0.5077781212086674,
        "(13, 8)": 0.5077781212086674,
        "(8, 14)": 0.10214465833472004,
        "(14, 8)": 0.10214465833472004,
        "(8, 15)": 0.3145671425619957,
        "(15, 8)": 0.3145671425619957,
        "(8, 16)": 0.5224523107307201,
        "(16, 8)": 0.5224523107307201,
        "(9, 10)": 1.1388677527095241,
        "(10, 9)": 1.1388677527095241,
        "(9, 11)": 0.8436682487768927,
        "(11, 9)": 0.8436682487768927,
        "(9, 12)": 0.9386571918418768,
        "(12, 9)": 0.9386571918418768,
        "(9, 13)": 1.0037364223780232,
        "(13, 9)": 1.0037364223780232,
        "(9, 14)": 0.6176928056385178,
        "(14, 9)": 0.6176928056385178,
        "(9, 15)": 0.7603373820278134,
        "(15, 9)": 0.7603373820278134,
        "(9, 16)": 0.05238078107232674,
        "(16, 9)": 0.05238078107232674,
        "(10, 11)": 0.8293906489900326,
        "(11, 10)": 0.8293906489900326,
        "(10, 12)": 0.4667932438602862,
        "(12, 10)": 0.4667932438602862,
        "(10, 13)": 0.3058649124102721,
        "(13, 10)": 0.3058649124102721,
        "(10, 14)": 0.5260321403462906,
        "(14, 10)": 0.5260321403462906,
        "(10, 15)": 0.4955019290051959,
        "(15, 10)": 0.4955019290051959,
        "(10, 16)": 1.1303526044181516,
        "(16, 10)": 1.1303526044181516,
        "(11, 12)": 0.3679792885777247,
        "(12, 11)": 0.3679792885777247,
        "(11, 13)": 0.9521085666418277,
        "(13, 11)": 0.9521085666418277,
        "(11, 14)": 0.5614034484974055,
        "(14, 11)": 0.5614034484974055,
        "(11, 15)": 0.8806198053792945,
        "(15, 11)": 0.8806198053792945,
        "(11, 16)": 0.8754250425823509,
        "(16, 11)": 0.8754250425823509,
        "(12, 13)": 0.6397933971824841,
        "(13, 12)": 0.6397933971824841,
        "(12, 14)": 0.4049297732562568,
        "(14, 12)": 0.4049297732562568,
        "(12, 15)": 0.6485997705540824,
        "(15, 12)": 0.6485997705540824,
        "(12, 16)": 0.9516991962627565,
        "(16, 12)": 0.9516991962627565,
        "(13, 14)": 0.47012191365197165,
        "(14, 13)": 0.47012191365197165,
        "(13, 15)": 0.2552354355921429,
        "(15, 13)": 0.2552354355921429,
        "(13, 16)": 0.9824056349389301,
        "(16, 13)": 0.9824056349389301,
        "(14, 15)": 0.3255852934703215,
        "(15, 14)": 0.3255852934703215,
        "(14, 16)": 0.6146265528655395,
        "(16, 14)": 0.6146265528655395,
        "(15, 16)": 0.7351846697020016,
        "(16, 15)": 0.7351846697020016
    },
    "statistics": {
        "avg_distance": 0.6,
        "min_distance": 0.05238078107232674,
        "max_distance": 1.1588088117242505
    }
}