{
    "instance_id": "MEDIUM_07",
    "group": "Medium",
    "group_key": "medium",
    "instance_number_in_group": 7,
    "parameters": {
        "I_range": [
            15,
            20
        ],
        "p_range": [
            8,
            13
        ]
    },
    "I": 20,
    "p": 8,
    "facilities": [
        [
            0.7129039406941923,
            0.7500441986088033
        ],
        [
            0.31743898302576845,
            0.6031009064628602
        ],
        [
            0.8434087568862316,
            0.8109714136699661
        ],
        [
            0.40122287051980843,
            0.637615857150724
        ],
        [
            0.492634099388384,
            0.45011938948392627
        ],
        [
            0.30900017608058117,
            0.8694432787135414
        ],
        [
            0.07498207638622345,
            0.5926274908493525
        ],
        [
            0.7058161210271919,
            0.7038992281734774
        ],
        [
            0.5761378105548624,
            0.4635833204534182
        ],
        [
            0.3602728391837611,
            0.8552520698047723
        ],
        [
            0.8731991222312318,
            0.23398058284828505
        ],
        [
            0.6324635648209365,
            0.2720549989913392
        ],
        [
            0.7883595222939866,
            0.8860266320370165
        ],
        [
            0.6968830292386397,
            0.13290959906669675
        ],
        [
            0.36750674883710877,
            0.13269602444201223
        ],
        [
            0.8938395935743855,
            0.9660340019687373
        ],
        [
            0.99373482072648,
            0.7488253699183329
        ],
        [
            0.12742907270937753,
            0.6966257418702488
        ],
        [
            0.5836208183202178,
            0.45332141853696417
        ],
        [
            0.38133220397228096,
            0.7977888610669048
        ]
    ],
    "distanceMatrix": {
        "(0, 1)": 0.4218825237555785,
        "(1, 0)": 0.4218825237555785,
        "(0, 2)": 0.14402649959096817,
        "(2, 0)": 0.14402649959096817,
        "(0, 3)": 0.3313385300083039,
        "(3, 0)": 0.3313385300083039,
        "(0, 4)": 0.3721205370810376,
        "(4, 0)": 0.3721205370810376,
        "(0, 5)": 0.42118213565974644,
        "(5, 0)": 0.42118213565974644,
        "(0, 6)": 0.6570573223425632,
        "(6, 0)": 0.6570573223425632,
        "(0, 7)": 0.04668613802949461,
        "(7, 0)": 0.04668613802949461,
        "(0, 8)": 0.31743473197941424,
        "(8, 0)": 0.31743473197941424,
        "(0, 9)": 0.3679910187953609,
        "(9, 0)": 0.3679910187953609,
        "(0, 10)": 0.5403852336396807,
        "(10, 0)": 0.5403852336396807,
        "(0, 11)": 0.4847105621106008,
        "(11, 0)": 0.4847105621106008,
        "(0, 12)": 0.15551452342344638,
        "(12, 0)": 0.15551452342344638,
        "(0, 13)": 0.6173425172105538,
        "(13, 0)": 0.6173425172105538,
        "(0, 14)": 0.7074022817957472,
        "(14, 0)": 0.7074022817957472,
        "(0, 15)": 0.28176107899893615,
        "(15, 0)": 0.28176107899893615,
        "(0, 16)": 0.28083352492728836,
        "(16, 0)": 0.28083352492728836,
        "(0, 17)": 0.5879067549893988,
        "(17, 0)": 0.5879067549893988,
        "(0, 18)": 0.3236642302515449,
        "(18, 0)": 0.3236642302515449,
        "(0, 19)": 0.33499159599312717,
        "(19, 0)": 0.33499159599312717,
        "(1, 2)": 0.5655566733594134,
        "(2, 1)": 0.5655566733594134,
        "(1, 3)": 0.09061468768692865,
        "(3, 1)": 0.09061468768692865,
        "(1, 4)": 0.23258691565624717,
        "(4, 1)": 0.23258691565624717,
        "(1, 5)": 0.2664760265366823,
        "(5, 1)": 0.2664760265366823,
        "(1, 6)": 0.2426830113786919,
        "(6, 1)": 0.2426830113786919,
        "(1, 7)": 0.40124444292956113,
        "(7, 1)": 0.40124444292956113,
        "(1, 8)": 0.2939221668585578,
        "(8, 1)": 0.2939221668585578,
        "(1, 9)": 0.2557634618315197,
        "(9, 1)": 0.2557634618315197,
        "(1, 10)": 0.6671725006585663,
        "(10, 1)": 0.6671725006585663,
        "(1, 11)": 0.456981268750551,
        "(11, 1)": 0.456981268750551,
        "(1, 12)": 0.5493752092116391,
        "(12, 1)": 0.5493752092116391,
        "(1, 13)": 0.6042000080745689,
        "(13, 1)": 0.6042000080745689,
        "(1, 14)": 0.4730618714316206,
        "(14, 1)": 0.4730618714316206,
        "(1, 15)": 0.6811446950937052,
        "(15, 1)": 0.6811446950937052,
        "(1, 16)": 0.691817663362748,
        "(16, 1)": 0.691817663362748,
        "(1, 17)": 0.2117797460958485,
        "(17, 1)": 0.2117797460958485,
        "(1, 18)": 0.30542865688089094,
        "(18, 1)": 0.30542865688089094,
        "(1, 19)": 0.20490422970457786,
        "(19, 1)": 0.20490422970457786,
        "(2, 3)": 0.47495316303584656,
        "(3, 2)": 0.47495316303584656,
        "(2, 4)": 0.5032465039142294,
        "(4, 2)": 0.5032465039142294,
        "(2, 5)": 0.5375978889843073,
        "(5, 2)": 0.5375978889843073,
        "(2, 6)": 0.7988451864641583,
        "(6, 2)": 0.7988451864641583,
        "(2, 7)": 0.17434502100614396,
        "(7, 2)": 0.17434502100614396,
        "(2, 8)": 0.43830610999790387,
        "(8, 2)": 0.43830610999790387,
        "(2, 9)": 0.48516089236658116,
        "(9, 2)": 0.48516089236658116,
        "(2, 10)": 0.5777593657567849,
        "(10, 2)": 0.5777593657567849,
        "(2, 11)": 0.5787303137606755,
        "(11, 2)": 0.5787303137606755,
        "(2, 12)": 0.0930790203714975,
        "(12, 2)": 0.0930790203714975,
        "(2, 13)": 0.6937129184941957,
        "(13, 2)": 0.6937129184941957,
        "(2, 14)": 0.8285772292897745,
        "(14, 2)": 0.8285772292897745,
        "(2, 15)": 0.16305727698873634,
        "(15, 2)": 0.16305727698873634,
        "(2, 16)": 0.16266547336076678,
        "(16, 2)": 0.16266547336076678,
        "(2, 17)": 0.7250529917277194,
        "(17, 2)": 0.7250529917277194,
        "(2, 18)": 0.44204444577781454,
        "(18, 2)": 0.44204444577781454,
        "(2, 19)": 0.4622645567702239,
        "(19, 2)": 0.4622645567702239,
        "(3, 4)": 0.20859275670739297,
        "(4, 3)": 0.20859275670739297,
        "(3, 5)": 0.2494974524080263,
        "(5, 3)": 0.2494974524080263,
        "(3, 6)": 0.32932811732279793,
        "(6, 3)": 0.32932811732279793,
        "(3, 7)": 0.31172188490510844,
        "(7, 3)": 0.31172188490510844,
        "(3, 8)": 0.24674391598733614,
        "(8, 3)": 0.24674391598733614,
        "(3, 9)": 0.22145524632489835,
        "(9, 3)": 0.22145524632489835,
        "(3, 10)": 0.6210338290630953,
        "(10, 3)": 0.6210338290630953,
        "(3, 11)": 0.4325586662166111,
        "(11, 3)": 0.4325586662166111,
        "(3, 12)": 0.4599811955140444,
        "(12, 3)": 0.4599811955140444,
        "(3, 13)": 0.5849301978893081,
        "(13, 3)": 0.5849301978893081,
        "(3, 14)": 0.5060442809912153,
        "(14, 3)": 0.5060442809912153,
        "(3, 15)": 0.5920554988163993,
        "(15, 3)": 0.5920554988163993,
        "(3, 16)": 0.6028581648014085,
        "(16, 3)": 0.6028581648014085,
        "(3, 17)": 0.2800807208896584,
        "(17, 3)": 0.2800807208896584,
        "(3, 18)": 0.25929414082420327,
        "(18, 3)": 0.25929414082420327,
        "(3, 19)": 0.1614033140900081,
        "(19, 3)": 0.1614033140900081,
        "(4, 5)": 0.4577706214558407,
        "(5, 4)": 0.4577706214558407,
        "(4, 6)": 0.4412955599964448,
        "(6, 4)": 0.4412955599964448,
        "(4, 7)": 0.3314374463987191,
        "(7, 4)": 0.3314374463987191,
        "(4, 8)": 0.08458219207212525,
        "(8, 4)": 0.08458219207212525,
        "(4, 9)": 0.42620651316809877,
        "(9, 4)": 0.42620651316809877,
        "(4, 10)": 0.4376593656546794,
        "(10, 4)": 0.4376593656546794,
        "(4, 11)": 0.22640496144000447,
        "(11, 4)": 0.22640496144000447,
        "(4, 12)": 0.5267529305689111,
        "(12, 4)": 0.5267529305689111,
        "(4, 13)": 0.37727930831350576,
        "(13, 4)": 0.37727930831350576,
        "(4, 14)": 0.3411956132931869,
        "(14, 4)": 0.3411956132931869,
        "(4, 15)": 0.65355469238648,
        "(15, 4)": 0.65355469238648,
        "(4, 16)": 0.5833756899913128,
        "(16, 4)": 0.5833756899913128,
        "(4, 17)": 0.44061331491277433,
        "(17, 4)": 0.44061331491277433,
        "(4, 18)": 0.09104304483065706,
        "(18, 4)": 0.09104304483065706,
        "(4, 19)": 0.3650509189058489,
        "(19, 4)": 0.3650509189058489,
        "(5, 6)": 0.36247958755691334,
        "(6, 5)": 0.36247958755691334,
        "(5, 7)": 0.42996247142405686,
        "(7, 5)": 0.42996247142405686,
        "(5, 8)": 0.48588560533465447,
        "(8, 5)": 0.48588560533465447,
        "(5, 9)": 0.05320034202883017,
        "(9, 5)": 0.05320034202883017,
        "(5, 10)": 0.8497842600765467,
        "(10, 5)": 0.8497842600765467,
        "(5, 11)": 0.6793388849498064,
        "(11, 5)": 0.6793388849498064,
        "(5, 12)": 0.4796461095532776,
        "(12, 5)": 0.4796461095532776,
        "(5, 13)": 0.8324271553884801,
        "(13, 5)": 0.8324271553884801,
        "(5, 14)": 0.739066665282877,
        "(14, 5)": 0.739066665282877,
        "(5, 15)": 0.5927621041138292,
        "(15, 5)": 0.5927621041138292,
        "(5, 16)": 0.6952770767834033,
        "(16, 5)": 0.6952770767834033,
        "(5, 17)": 0.2506670433463863,
        "(17, 5)": 0.2506670433463863,
        "(5, 18)": 0.49857186007728654,
        "(18, 5)": 0.49857186007728654,
        "(5, 19)": 0.1018149194725619,
        "(19, 5)": 0.1018149194725619,
        "(6, 7)": 0.6405723935709472,
        "(7, 6)": 0.6405723935709472,
        "(6, 8)": 0.5175031089793397,
        "(8, 6)": 0.5175031089793397,
        "(6, 9)": 0.3877660232783584,
        "(9, 6)": 0.3877660232783584,
        "(6, 10)": 0.8750874567129038,
        "(10, 6)": 0.8750874567129038,
        "(6, 11)": 0.6430803468334568,
        "(11, 6)": 0.6430803468334568,
        "(6, 12)": 0.7713562318277739,
        "(12, 6)": 0.7713562318277739,
        "(6, 13)": 0.7733701152642458,
        "(13, 6)": 0.7733701152642458,
        "(6, 14)": 0.5450758092083193,
        "(14, 6)": 0.5450758092083193,
        "(6, 15)": 0.8999778086163638,
        "(15, 6)": 0.8999778086163638,
        "(6, 16)": 0.931935825397007,
        "(16, 6)": 0.931935825397007,
        "(6, 17)": 0.11647456219589881,
        "(17, 6)": 0.11647456219589881,
        "(6, 18)": 0.5273704121196987,
        "(18, 6)": 0.5273704121196987,
        "(6, 19)": 0.36870257457948036,
        "(19, 6)": 0.36870257457948036,
        "(7, 8)": 0.27307178490329953,
        "(8, 7)": 0.27307178490329953,
        "(7, 9)": 0.3772371168071834,
        "(9, 7)": 0.3772371168071834,
        "(7, 10)": 0.4988392549873511,
        "(10, 7)": 0.4988392549873511,
        "(7, 11)": 0.43802972020161707,
        "(11, 7)": 0.43802972020161707,
        "(7, 12)": 0.19995950672764665,
        "(12, 7)": 0.19995950672764665,
        "(7, 13)": 0.5710595036214716,
        "(13, 7)": 0.5710595036214716,
        "(7, 14)": 0.663872225104152,
        "(14, 7)": 0.663872225104152,
        "(7, 15)": 0.32259489435109995,
        "(15, 7)": 0.32259489435109995,
        "(7, 16)": 0.2914027039143729,
        "(16, 7)": 0.2914027039143729,
        "(7, 17)": 0.5784327802474519,
        "(17, 7)": 0.5784327802474519,
        "(7, 18)": 0.27878473897593764,
        "(18, 7)": 0.27878473897593764,
        "(7, 19)": 0.33779442800638515,
        "(19, 7)": 0.33779442800638515,
        "(8, 9)": 0.44721593786838615,
        "(9, 8)": 0.44721593786838615,
        "(8, 10)": 0.3754501831277443,
        "(10, 8)": 0.3754501831277443,
        "(8, 11)": 0.1996388952977942,
        "(11, 8)": 0.1996388952977942,
        "(8, 12)": 0.47275406548775556,
        "(12, 8)": 0.47275406548775556,
        "(8, 13)": 0.35202914346789005,
        "(13, 8)": 0.35202914346789005,
        "(8, 14)": 0.39116917385604005,
        "(14, 8)": 0.39116917385604005,
        "(8, 15)": 0.5944670809128061,
        "(15, 8)": 0.5944670809128061,
        "(8, 16)": 0.5057175987517332,
        "(16, 8)": 0.5057175987517332,
        "(8, 17)": 0.5056167536768414,
        "(17, 8)": 0.5056167536768414,
        "(8, 18)": 0.012700473855698993,
        "(18, 8)": 0.012700473855698993,
        "(8, 19)": 0.3868366163288583,
        "(19, 8)": 0.3868366163288583,
        "(9, 10)": 0.8056498199255174,
        "(10, 9)": 0.8056498199255174,
        "(9, 11)": 0.643588855192708,
        "(11, 9)": 0.643588855192708,
        "(9, 12)": 0.42919142807947713,
        "(12, 9)": 0.42919142807947713,
        "(9, 13)": 0.7969222453167994,
        "(13, 9)": 0.7969222453167994,
        "(9, 14)": 0.7225922557979318,
        "(14, 9)": 0.7225922557979318,
        "(9, 15)": 0.5449459770334361,
        "(15, 9)": 0.5449459770334361,
        "(9, 16)": 0.6423400380707606,
        "(16, 9)": 0.6423400380707606,
        "(9, 17)": 0.28174195906887606,
        "(17, 9)": 0.28174195906887606,
        "(9, 18)": 0.45981797291200305,
        "(18, 9)": 0.45981797291200305,
        "(9, 19)": 0.06120063074632222,
        "(19, 9)": 0.06120063074632222,
        "(10, 11)": 0.24372786005354424,
        "(11, 10)": 0.24372786005354424,
        "(10, 12)": 0.6575422480572221,
        "(12, 10)": 0.6575422480572221,
        "(10, 13)": 0.20323067782879253,
        "(13, 10)": 0.20323067782879253,
        "(10, 14)": 0.5157357252319591,
        "(14, 10)": 0.5157357252319591,
        "(10, 15)": 0.732344343531929,
        "(15, 10)": 0.732344343531929,
        "(10, 16)": 0.5287664979789665,
        "(16, 10)": 0.5287664979789665,
        "(10, 17)": 0.8776180888805147,
        "(17, 10)": 0.8776180888805147,
        "(10, 18)": 0.36327124342092876,
        "(18, 10)": 0.36327124342092876,
        "(10, 19)": 0.7482064152795015,
        "(19, 10)": 0.7482064152795015,
        "(11, 12)": 0.6334545885390798,
        "(12, 11)": 0.6334545885390798,
        "(11, 13)": 0.15333398095677428,
        "(13, 11)": 0.15333398095677428,
        "(11, 14)": 0.29937107095330356,
        "(14, 11)": 0.29937107095330356,
        "(11, 15)": 0.7415687998968318,
        "(15, 11)": 0.7415687998968318,
        "(11, 16)": 0.5981863480032221,
        "(16, 11)": 0.5981863480032221,
        "(11, 17)": 0.6597879613414672,
        "(17, 11)": 0.6597879613414672,
        "(11, 18)": 0.18773153368740156,
        "(18, 11)": 0.18773153368740156,
        "(11, 19)": 0.582634580277027,
        "(19, 11)": 0.582634580277027,
        "(12, 13)": 0.7586522353039782,
        "(13, 12)": 0.7586522353039782,
        "(12, 14)": 0.8629160221399325,
        "(14, 12)": 0.8629160221399325,
        "(12, 15)": 0.1323904251851668,
        "(15, 12)": 0.1323904251851668,
        "(12, 16)": 0.24698825788525944,
        "(16, 12)": 0.24698825788525944,
        "(12, 17)": 0.6875330947555016,
        "(17, 12)": 0.6875330947555016,
        "(12, 18)": 0.47869796186633634,
        "(18, 12)": 0.47869796186633634,
        "(12, 19)": 0.41648186285351374,
        "(19, 12)": 0.41648186285351374,
        "(13, 14)": 0.3293763496447008,
        "(14, 13)": 0.3293763496447008,
        "(13, 15)": 0.8560888732753291,
        "(15, 13)": 0.8560888732753291,
        "(13, 16)": 0.6837201349187441,
        "(16, 13)": 0.6837201349187441,
        "(13, 17)": 0.8012825333577074,
        "(17, 13)": 0.8012825333577074,
        "(13, 18)": 0.33984123128069127,
        "(18, 13)": 0.33984123128069127,
        "(13, 19)": 0.7359597518643404,
        "(19, 13)": 0.7359597518643404,
        "(14, 15)": 0.9856360627724449,
        "(15, 14)": 0.9856360627724449,
        "(14, 16)": 0.8785083769545735,
        "(16, 14)": 0.8785083769545735,
        "(14, 17)": 0.6129062055270632,
        "(17, 14)": 0.6129062055270632,
        "(14, 18)": 0.3866599725431808,
        "(18, 14)": 0.3866599725431808,
        "(14, 19)": 0.6652365177434569,
        "(19, 14)": 0.6652365177434569,
        "(15, 16)": 0.23907874486239158,
        "(16, 15)": 0.23907874486239158,
        "(15, 17)": 0.8123828513095704,
        "(17, 15)": 0.8123828513095704,
        "(15, 18)": 0.5992577756937983,
        "(18, 15)": 0.5992577756937983,
        "(15, 19)": 0.5394165846855664,
        "(19, 15)": 0.5394165846855664,
        "(16, 17)": 0.8678769787336393,
        "(17, 16)": 0.8678769787336393,
        "(16, 18)": 0.505485984228728,
        "(18, 16)": 0.505485984228728,
        "(16, 19)": 0.6143568901484272,
        "(19, 16)": 0.6143568901484272,
        "(17, 18)": 0.5170182806401851,
        "(18, 17)": 0.5170182806401851,
        "(17, 19)": 0.2733144283617387,
        "(19, 17)": 0.2733144283617387,
        "(18, 19)": 0.3994727806220673,
        "(19, 18)": 0.3994727806220673
    },
    "statistics": {
        "avg_distance": 0.47,
        "min_distance": 0.012700473855698993,
        "max_distance": 0.9856360627724449
    }
}