{
    "instance_id": "MEDIUM_02",
    "group": "Medium",
    "group_key": "medium",
    "instance_number_in_group": 2,
    "parameters": {
        "I_range": [
            15,
            20
        ],
        "p_range": [
            8,
            13
        ]
    },
    "I": 19,
    "p": 9,
    "facilities": [
        [
            0.3837102868128637,
            0.4930970047478569
        ],
        [
            0.8703799145943971,
            0.7595309416350285
        ],
        [
            0.5436924120918183,
            0.8617502315444966
        ],
        [
            0.43455779876349043,
            0.16788811618163813
        ],
        [
            0.5444074161249338,
            0.8534129215830748
        ],
        [
            0.06562605407304145,
            0.18507642283810732
        ],
        [
            0.10346425043392649,
            0.6211997084194906
        ],
        [
            0.5669294745640586,
            0.14046806922094668
        ],
        [
            0.8470437181112858,
            0.8027328965670991
        ],
        [
            0.22845454908526253,
            0.8507706373718713
        ],
        [
            0.012658199007398507,
            0.6616318129048601
        ],
        [
            0.2507887084667577,
            0.6572813183764619
        ],
        [
            0.25413524371851137,
            0.7101791566637675
        ],
        [
            0.5367994694995587,
            0.8394727723969397
        ],
        [
            0.2577535806188863,
            0.7065498171614762
        ],
        [
            0.6835210966359335,
            0.3848203825048718
        ],
        [
            0.2596664970503192,
            0.35978306983471775
        ],
        [
            0.5652028519058458,
            0.042713497048443405
        ],
        [
            0.5220528515033218,
            0.24164634553097852
        ]
    ],
    "distanceMatrix": {
        "(0, 1)": 0.5548282340780917,
        "(1, 0)": 0.5548282340780917,
        "(0, 2)": 0.40186998150688713,
        "(2, 0)": 0.40186998150688713,
        "(0, 3)": 0.3291599773272024,
        "(3, 0)": 0.3291599773272024,
        "(0, 4)": 0.3945264595612617,
        "(4, 0)": 0.3945264595612617,
        "(0, 5)": 0.44278014634545454,
        "(5, 0)": 0.44278014634545454,
        "(0, 6)": 0.3081365664670245,
        "(6, 0)": 0.3081365664670245,
        "(0, 7)": 0.39738701152786743,
        "(7, 0)": 0.39738701152786743,
        "(0, 8)": 0.5572721543926873,
        "(8, 0)": 0.5572721543926873,
        "(0, 9)": 0.38991636484225706,
        "(9, 0)": 0.38991636484225706,
        "(0, 10)": 0.4075335979098073,
        "(10, 0)": 0.4075335979098073,
        "(0, 11)": 0.21124543742224614,
        "(11, 0)": 0.21124543742224614,
        "(0, 12)": 0.25281288035490945,
        "(12, 0)": 0.25281288035490945,
        "(0, 13)": 0.37869838957958574,
        "(13, 0)": 0.37869838957958574,
        "(0, 14)": 0.24784510276081653,
        "(14, 0)": 0.24784510276081653,
        "(0, 15)": 0.3187637818371388,
        "(15, 0)": 0.3187637818371388,
        "(0, 16)": 0.1820974108016889,
        "(16, 0)": 0.1820974108016889,
        "(0, 17)": 0.4855768272803574,
        "(17, 0)": 0.4855768272803574,
        "(0, 18)": 0.28699494634180633,
        "(18, 0)": 0.28699494634180633,
        "(1, 2)": 0.3423061605068894,
        "(2, 1)": 0.3423061605068894,
        "(1, 3)": 0.7348347770470578,
        "(3, 1)": 0.7348347770470578,
        "(1, 4)": 0.33922248734037314,
        "(4, 1)": 0.33922248734037314,
        "(1, 5)": 0.9887501050266584,
        "(5, 1)": 0.9887501050266584,
        "(1, 6)": 0.7792914512668718,
        "(6, 1)": 0.7792914512668718,
        "(1, 7)": 0.6894352830804208,
        "(7, 1)": 0.6894352830804208,
        "(1, 8)": 0.04910180216907559,
        "(8, 1)": 0.04910180216907559,
        "(1, 9)": 0.648377094723578,
        "(9, 1)": 0.648377094723578,
        "(1, 10)": 0.8632906699343103,
        "(10, 1)": 0.8632906699343103,
        "(1, 11)": 0.6279715345198552,
        "(11, 1)": 0.6279715345198552,
        "(1, 12)": 0.61821767449886,
        "(12, 1)": 0.61821767449886,
        "(1, 13)": 0.34302566909086635,
        "(13, 1)": 0.34302566909086635,
        "(1, 14)": 0.6149130220045401,
        "(14, 1)": 0.6149130220045401,
        "(1, 15)": 0.4187173521272661,
        "(15, 1)": 0.4187173521272661,
        "(1, 16)": 0.7299104324348604,
        "(16, 1)": 0.7299104324348604,
        "(1, 17)": 0.7790765613563625,
        "(17, 1)": 0.7790765613563625,
        "(1, 18)": 0.6241283503923764,
        "(18, 1)": 0.6241283503923764,
        "(2, 3)": 0.7023923397661341,
        "(3, 2)": 0.7023923397661341,
        "(2, 4)": 0.008367913011031753,
        "(4, 2)": 0.008367913011031753,
        "(2, 5)": 0.8285136607555414,
        "(5, 2)": 0.8285136607555414,
        "(2, 6)": 0.5016626241732595,
        "(6, 2)": 0.5016626241732595,
        "(2, 7)": 0.7216563716606919,
        "(7, 2)": 0.7216563716606919,
        "(2, 8)": 0.30903893070542254,
        "(8, 2)": 0.30903893070542254,
        "(2, 9)": 0.31542901223751685,
        "(9, 2)": 0.31542901223751685,
        "(2, 10)": 0.567489838627105,
        "(10, 2)": 0.567489838627105,
        "(2, 11)": 0.3572115844277655,
        "(11, 2)": 0.3572115844277655,
        "(2, 12)": 0.3268289223689776,
        "(12, 2)": 0.3268289223689776,
        "(2, 13)": 0.023319473485721134,
        "(13, 2)": 0.023319473485721134,
        "(2, 14)": 0.325343178764773,
        "(14, 2)": 0.325343178764773,
        "(2, 15)": 0.4970051729371606,
        "(15, 2)": 0.4970051729371606,
        "(2, 16)": 0.5767510310785167,
        "(16, 2)": 0.5767510310785167,
        "(2, 17)": 0.8193191511706237,
        "(17, 2)": 0.8193191511706237,
        "(2, 18)": 0.6204813454339537,
        "(18, 2)": 0.6204813454339537,
        "(3, 4)": 0.6942702624015615,
        "(4, 3)": 0.6942702624015615,
        "(3, 5)": 0.3693319240548472,
        "(5, 3)": 0.3693319240548472,
        "(3, 6)": 0.5613504586287236,
        "(6, 3)": 0.5613504586287236,
        "(3, 7)": 0.1351818017692369,
        "(7, 3)": 0.1351818017692369,
        "(3, 8)": 0.7570815866489292,
        "(8, 3)": 0.7570815866489292,
        "(3, 9)": 0.7133071479209045,
        "(9, 3)": 0.7133071479209045,
        "(3, 10)": 0.6494475423991252,
        "(10, 3)": 0.6494475423991252,
        "(3, 11)": 0.5227588209710022,
        "(11, 3)": 0.5227588209710022,
        "(3, 12)": 0.5715171659330531,
        "(12, 3)": 0.5715171659330531,
        "(3, 13)": 0.6793226845165171,
        "(13, 3)": 0.6793226845165171,
        "(3, 14)": 0.5669357632538428,
        "(14, 3)": 0.5669357632538428,
        "(3, 15)": 0.3302155839139898,
        "(15, 3)": 0.3302155839139898,
        "(3, 16)": 0.25963559203708003,
        "(16, 3)": 0.25963559203708003,
        "(3, 17)": 0.18093317878628348,
        "(17, 3)": 0.18093317878628348,
        "(3, 18)": 0.11443627331705526,
        "(18, 3)": 0.11443627331705526,
        "(4, 5)": 0.8221345803473706,
        "(5, 4)": 0.8221345803473706,
        "(4, 6)": 0.49835113297489686,
        "(6, 4)": 0.49835113297489686,
        "(4, 7)": 0.713300501630268,
        "(7, 4)": 0.713300501630268,
        "(4, 8)": 0.3068504460084657,
        "(8, 4)": 0.3068504460084657,
        "(4, 9)": 0.31596391543409036,
        "(9, 4)": 0.31596391543409036,
        "(4, 10)": 0.5652762364994277,
        "(10, 4)": 0.5652762364994277,
        "(4, 11)": 0.3530999168270275,
        "(11, 4)": 0.3530999168270275,
        "(4, 12)": 0.32368788282310357,
        "(12, 4)": 0.32368788282310357,
        "(4, 13)": 0.015881077141877333,
        "(13, 4)": 0.015881077141877333,
        "(4, 14)": 0.3220856917819814,
        "(14, 4)": 0.3220856917819814,
        "(4, 15)": 0.4888062845187996,
        "(15, 4)": 0.4888062845187996,
        "(4, 16)": 0.5698664944814366,
        "(16, 4)": 0.5698664944814366,
        "(4, 17)": 0.8109660949078578,
        "(17, 4)": 0.8109660949078578,
        "(4, 18)": 0.6121748689173112,
        "(18, 4)": 0.6121748689173112,
        "(5, 6)": 0.43776163528813905,
        "(6, 5)": 0.43776163528813905,
        "(5, 7)": 0.5032842383866469,
        "(7, 5)": 0.5032842383866469,
        "(5, 8)": 0.9960487363629951,
        "(8, 5)": 0.9960487363629951,
        "(5, 9)": 0.6853188353253322,
        "(9, 5)": 0.6853188353253322,
        "(5, 10)": 0.47948997223292356,
        "(10, 5)": 0.47948997223292356,
        "(5, 11)": 0.507210678074225,
        "(11, 5)": 0.507210678074225,
        "(5, 12)": 0.5579145056834192,
        "(12, 5)": 0.5579145056834192,
        "(5, 13)": 0.8063739639401901,
        "(13, 5)": 0.8063739639401901,
        "(5, 14)": 0.5557404856979201,
        "(14, 5)": 0.5557404856979201,
        "(5, 15)": 0.6493781125408803,
        "(15, 5)": 0.6493781125408803,
        "(5, 16)": 0.2611017158419615,
        "(16, 5)": 0.2611017158419615,
        "(5, 17)": 0.519465282355108,
        "(17, 5)": 0.519465282355108,
        "(5, 18)": 0.4599190989358233,
        "(18, 5)": 0.4599190989358233,
        "(6, 7)": 0.6677596295857608,
        "(7, 6)": 0.6677596295857608,
        "(6, 8)": 0.7654180055044303,
        "(8, 6)": 0.7654180055044303,
        "(6, 9)": 0.2613912511485593,
        "(9, 6)": 0.2613912511485593,
        "(6, 10)": 0.09940067428741658,
        "(10, 6)": 0.09940067428741658,
        "(6, 11)": 0.15167853675373608,
        "(11, 6)": 0.15167853675373608,
        "(6, 12)": 0.1749831146917307,
        "(12, 6)": 0.1749831146917307,
        "(6, 13)": 0.4852036093649377,
        "(13, 6)": 0.4852036093649377,
        "(6, 14)": 0.1763231081599696,
        "(14, 6)": 0.1763231081599696,
        "(6, 15)": 0.6263713998465035,
        "(15, 6)": 0.6263713998465035,
        "(6, 16)": 0.3045288176461632,
        "(16, 6)": 0.3045288176461632,
        "(6, 17)": 0.7401681111988491,
        "(17, 6)": 0.7401681111988491,
        "(6, 18)": 0.5650461682245195,
        "(18, 6)": 0.5650461682245195,
        "(7, 8)": 0.7190679321022906,
        "(8, 7)": 0.7190679321022906,
        "(7, 9)": 0.7868259105416366,
        "(9, 7)": 0.7868259105416366,
        "(7, 10)": 0.7608076594237462,
        "(10, 7)": 0.7608076594237462,
        "(7, 11)": 0.6058390202778862,
        "(11, 7)": 0.6058390202778862,
        "(7, 12)": 0.649931499471705,
        "(12, 7)": 0.649931499471705,
        "(7, 13)": 0.6996537659923978,
        "(13, 7)": 0.6996537659923978,
        "(7, 14)": 0.6450102935211203,
        "(14, 7)": 0.6450102935211203,
        "(7, 15)": 0.27074279186075556,
        "(15, 7)": 0.27074279186075556,
        "(7, 16)": 0.3775044461259061,
        "(16, 7)": 0.3775044461259061,
        "(7, 17)": 0.09776981950700842,
        "(17, 7)": 0.09776981950700842,
        "(7, 18)": 0.11068403179503629,
        "(18, 7)": 0.11068403179503629,
        "(8, 9)": 0.6204515972885656,
        "(9, 8)": 0.6204515972885656,
        "(8, 10)": 0.8462320664574946,
        "(10, 8)": 0.8462320664574946,
        "(8, 11)": 0.6137395197674199,
        "(11, 8)": 0.6137395197674199,
        "(8, 12)": 0.600088871565588,
        "(12, 8)": 0.600088871565588,
        "(8, 13)": 0.3124120872703987,
        "(13, 8)": 0.3124120872703987,
        "(8, 14)": 0.5970879758542784,
        "(14, 8)": 0.5970879758542784,
        "(8, 15)": 0.4487655480804901,
        "(15, 8)": 0.4487655480804901,
        "(8, 16)": 0.7356742137818548,
        "(16, 8)": 0.7356742137818548,
        "(8, 17)": 0.8105946962003457,
        "(17, 8)": 0.8105946962003457,
        "(8, 18)": 0.648411274680048,
        "(18, 8)": 0.648411274680048,
        "(9, 10)": 0.2869521904911878,
        "(10, 9)": 0.2869521904911878,
        "(9, 11)": 0.19477405176405133,
        "(11, 9)": 0.19477405176405133,
        "(9, 12)": 0.1429176774389484,
        "(12, 9)": 0.1429176774389484,
        "(9, 13)": 0.30855182984109886,
        "(13, 9)": 0.30855182984109886,
        "(9, 14)": 0.14716683808170705,
        "(14, 9)": 0.14716683808170705,
        "(9, 15)": 0.6513026966858873,
        "(15, 9)": 0.6513026966858873,
        "(9, 16)": 0.49197863487332893,
        "(16, 9)": 0.49197863487332893,
        "(9, 17)": 0.8754174783954335,
        "(17, 9)": 0.8754174783954335,
        "(9, 18)": 0.6761895933045963,
        "(18, 9)": 0.6761895933045963,
        "(10, 11)": 0.2381702465422908,
        "(11, 10)": 0.2381702465422908,
        "(10, 12)": 0.2463087649850454,
        "(12, 10)": 0.2463087649850454,
        "(10, 13)": 0.5534902693870953,
        "(13, 10)": 0.5534902693870953,
        "(10, 14)": 0.24917739302287883,
        "(14, 10)": 0.24917739302287883,
        "(10, 15)": 0.7257283206645871,
        "(15, 10)": 0.7257283206645871,
        "(10, 16)": 0.3900330280823473,
        "(16, 10)": 0.3900330280823473,
        "(10, 17)": 0.829677934592218,
        "(17, 10)": 0.829677934592218,
        "(10, 18)": 0.6602050475395506,
        "(18, 10)": 0.6602050475395506,
        "(11, 12)": 0.05300359038462555,
        "(12, 11)": 0.05300359038462555,
        "(11, 13)": 0.3391104264758869,
        "(13, 11)": 0.3391104264758869,
        "(11, 14)": 0.04975836026864692,
        "(14, 11)": 0.04975836026864692,
        "(11, 15)": 0.5113631599427367,
        "(15, 11)": 0.5113631599427367,
        "(11, 16)": 0.2976306822482181,
        "(16, 11)": 0.2976306822482181,
        "(11, 17)": 0.690325908978073,
        "(17, 11)": 0.690325908978073,
        "(11, 18)": 0.4963231466994333,
        "(18, 11)": 0.4963231466994333,
        "(12, 13)": 0.31083098881185595,
        "(13, 12)": 0.31083098881185595,
        "(12, 14)": 0.005124887037536223,
        "(14, 12)": 0.005124887037536223,
        "(12, 15)": 0.5387304916261947,
        "(15, 12)": 0.5387304916261947,
        "(12, 16)": 0.3504397415084819,
        "(16, 12)": 0.3504397415084819,
        "(12, 17)": 0.7363921941663347,
        "(17, 12)": 0.7363921941663347,
        "(12, 18)": 0.5397247814109791,
        "(18, 12)": 0.5397247814109791,
        "(13, 14)": 0.3090875606195332,
        "(14, 13)": 0.3090875606195332,
        "(13, 15)": 0.477740548314788,
        "(15, 13)": 0.477740548314788,
        "(13, 16)": 0.5539899774930807,
        "(16, 13)": 0.5539899774930807,
        "(13, 17)": 0.7972653855435959,
        "(17, 13)": 0.7972653855435959,
        "(13, 18)": 0.5980082770343981,
        "(18, 13)": 0.5980082770343981,
        "(14, 15)": 0.5336551384740756,
        "(15, 14)": 0.5336551384740756,
        "(14, 16)": 0.34677202352677416,
        "(16, 14)": 0.34677202352677416,
        "(14, 17)": 0.7315761849022256,
        "(17, 14)": 0.7315761849022256,
        "(14, 18)": 0.5347797140170271,
        "(18, 14)": 0.5347797140170271,
        "(15, 16)": 0.4245934392046402,
        "(16, 15)": 0.4245934392046402,
        "(15, 17)": 0.3619894033154932,
        "(17, 15)": 0.3619894033154932,
        "(15, 18)": 0.21580268545504006,
        "(18, 15)": 0.21580268545504006,
        "(16, 17)": 0.44032440101051956,
        "(17, 16)": 0.44032440101051956,
        "(16, 18)": 0.28775490375031737,
        "(18, 16)": 0.28775490375031737,
        "(17, 18)": 0.20355883852123224,
        "(18, 17)": 0.20355883852123224
    },
    "statistics": {
        "avg_distance": 0.48,
        "min_distance": 0.005124887037536223,
        "max_distance": 0.9960487363629951
    }
}